14 14 14 14 14 14 14 14 14 14 14 14 14 14 14 14 14 14 14 14 14 14 14 14 14 14 14 14 14 14 14 14 14 14 14 14 14 14 14 14 14 14 14 14 14 14 14 14 14 14 14 14 14 14 14 14 14 14 14 14 14 14 14 14
14 14 14 14 14 14 14 14 14 14 14 14 14 14 14 14 14 14 14 14 14 14 14 14 14 14 14 14 14 14 14 14 14 14 14 14 14 14 14 14 14 14 14 14 14 14 14 14 14 14 14 14 14 14 14 14 14 14 14 14 14 14 14 14
14 14 14 14 14 14 14 14 14 14 14 14 14 14 14 14 14 14 14 14 14 14 14 14 14 14 14 14 14 14 14 14 14 14 14 14 14 14 14 14 14 14 14 14 14 14 14 14 14 14 14 14 14 14 14 14 14 14 14 14 14 14 14 14
14 14 14 14 14 14 14 14 14 14 14 14 14 14 14 14 14 14 14 14 14 14 14 14 14 14 14 14 14 14 14 14 14 14 14 14 14 14 14 14 14 14 14 14 14 14 14 14 14 14 14 14 14 14 14 14 14 14 14 14 14 14 14 14
14 14 14 14 14 14 14 14 14 14 14 14 14 14 14 14 14 14 14 14 14 14 14 14 14 14 14 14 14 14 14 14 14 14 14 14 14 14 14 14 14 14 14 14 14 14 14 14 14 14 14 14 14 14 14 14 14 14 14 14 14 14 14 14
5 7 8 4 3 8 7 5 0 0 0 0 0 0 0 0 14 14 14 14 14 14 14 14 14 14 14 14 14 14 14 14 14 14 14 14 6 14 14 14 14 14 14 14 14 14 14 14 6 6 6 6 14 6 6 6 1 12 2 10 9 2 12 1
5 7 8 4 3 8 7 5 0 0 0 0 0 0 0 0 14 14 14 14 14 14 14 14 14 14 14 14 14 14 14 14 14 14 14 14 6 14 14 14 14 14 14 14 14 14 14 14 6 6 6 6 14 6 6 6 1 12 2 10 9 2 12 1
5 7 8 4 3 8 7 5 0 0 0 0 0 0 0 0 14 14 14 14 14 14 14 14 14 14 14 14 14 14 14 14 14 14 14 14 6 14 14 14 14 14 14 14 14 14 14 14 6 6 6 6 14 6 6 6 1 12 2 10 9 2 12 1
5 7 8 4 3 8 7 5 0 0 0 0 0 0 0 0 14 14 14 14 14 14 14 14 14 14 14 14 14 14 14 14 14 14 14 14 6 14 14 14 14 14 14 14 14 14 14 14 6 6 6 6 14 6 6 6 1 12 2 10 9 2 12 1
5 7 8 4 3 8 7 5 0 0 0 0 0 0 0 0 14 14 14 14 14 14 14 14 14 14 14 14 14 14 14 14 14 14 14 14 6 14 14 14 14 14 14 14 14 14 14 14 6 6 6 6 14 6 6 6 1 12 2 10 9 2 12 1
5 7 8 4 3 8 7 5 0 0 0 0 0 0 0 0 14 14 14 14 14 14 14 14 14 14 14 14 14 14 14 14 14 14 14 14 6 14 14 14 14 14 14 14 14 14 14 14 6 6 6 6 14 6 6 6 1 12 2 10 9 2 12 1
5 7 8 4 3 8 7 5 0 0 0 0 0 0 0 0 14 14 14 14 14 14 14 14 14 14 14 14 14 14 14 14 14 14 14 14 6 14 14 14 14 14 14 14 14 14 14 14 6 6 6 6 14 6 6 6 1 12 2 10 9 2 12 1
5 7 8 4 3 8 7 5 0 0 0 0 0 0 0 0 14 14 14 14 14 14 14 14 14 14 14 14 14 14 14 14 14 14 14 14 6 14 14 14 14 14 14 14 14 14 14 14 6 6 6 6 14 6 6 6 1 12 2 10 9 2 12 1
5 7 8 4 3 8 7 5 0 0 0 0 0 0 0 0 14 14 14 14 14 14 14 14 14 14 14 14 14 14 14 14 14 14 14 14 6 14 14 14 14 14 14 14 14 14 14 14 6 6 6 6 14 6 6 6 1 12 2 10 9 2 12 1
5 7 8 4 3 8 7 5 0 0 0 0 0 0 14 0 14 14 14 14 14 14 14 14 14 14 14 14 14 14 0 14 14 14 14 14 6 14 14 14 14 14 14 14 14 14 14 14 6 6 6 6 14 6 6 6 1 12 2 10 9 2 12 1
5 7 8 4 3 8 7 5 0 0 0 0 0 0 14 0 14 14 14 14 14 14 14 14 14 14 14 14 14 14 0 14 14 14 14 14 6 14 14 14 14 14 14 14 14 14 14 14 6 6 6 6 14 6 6 6 1 12 2 10 9 2 12 1
5 7 8 4 3 8 7 5 0 0 0 0 0 0 14 0 14 14 14 14 14 14 14 14 14 14 14 14 14 14 0 14 14 14 14 14 6 14 14 14 14 14 14 14 14 14 14 14 6 6 6 6 14 6 6 6 1 12 2 10 9 2 12 1
5 7 8 4 3 8 7 5 0 0 0 0 0 0 14 0 14 14 14 14 14 14 14 14 14 14 14 14 14 14 0 14 14 14 14 14 6 14 14 14 14 14 14 14 14 14 14 14 6 6 6 6 14 6 6 6 1 12 2 10 9 2 12 1
5 7 8 4 3 8 7 5 0 0 0 0 0 0 14 0 14 14 14 14 14 14 14 14 14 14 14 14 14 14 0 14 14 14 14 14 6 14 14 14 14 14 14 14 14 14 14 14 6 6 6 6 14 6 6 6 1 12 2 10 9 2 12 1
5 7 8 4 3 8 7 5 0 0 0 0 0 0 14 0 14 14 14 14 14 14 14 14 14 14 14 14 14 14 0 14 14 14 14 14 6 14 14 14 14 14 14 14 14 14 14 14 6 6 6 6 14 6 6 6 1 12 2 10 9 2 12 1
5 7 8 4 3 8 7 5 0 0 0 0 0 0 14 0 14 14 14 14 14 14 14 14 14 14 14 14 14 14 0 14 14 14 14 14 6 14 14 14 14 14 14 14 14 14 14 14 6 6 6 6 14 6 6 6 1 12 2 10 9 2 12 1
5 7 8 4 3 8 7 5 0 0 0 0 0 0 14 0 14 14 14 14 14 14 14 14 14 14 14 14 14 14 0 14 14 14 14 14 6 14 14 14 14 14 14 14 14 14 14 14 6 6 6 6 14 6 6 6 1 12 2 10 9 2 12 1
5 7 8 4 3 8 7 5 0 0 0 0 0 0 14 0 14 14 14 14 14 14 14 14 14 14 14 14 14 14 0 14 14 14 14 6 6 14 14 14 14 14 14 14 14 14 14 14 6 14 14 14 14 6 6 6 1 14 14 10 9 2 12 1
5 7 8 4 3 8 7 5 0 0 0 0 0 0 14 0 14 14 14 14 14 14 14 14 14 14 14 14 14 14 0 14 14 14 14 6 6 14 14 14 14 14 14 14 14 14 14 14 6 14 14 14 14 6 6 6 1 14 14 10 9 2 12 1
5 7 8 4 3 8 7 5 0 0 0 0 0 0 14 0 14 14 14 14 14 14 14 14 14 14 14 14 14 14 0 14 14 14 14 6 6 14 14 14 14 14 14 14 14 14 14 14 6 14 14 14 14 6 6 6 1 14 14 10 9 2 12 1
5 7 8 4 3 8 7 5 0 0 0 0 0 0 14 0 14 14 14 14 14 14 14 14 14 14 14 14 14 14 0 14 14 14 14 6 6 14 14 14 14 14 14 14 14 14 14 14 6 14 14 14 14 6 6 6 1 14 14 10 9 2 12 1
5 7 8 4 3 8 7 5 0 0 0 0 0 0 14 0 14 14 14 14 14 14 14 14 14 14 14 14 14 14 0 14 14 14 14 6 6 14 14 14 14 14 14 14 14 14 14 14 6 14 14 14 14 6 6 6 1 14 14 10 9 2 12 1
5 7 8 4 3 8 7 5 0 0 0 0 0 0 14 0 14 14 14 14 14 14 14 14 14 14 14 14 14 14 0 14 14 14 14 6 6 14 14 14 14 14 14 14 14 14 14 14 6 14 14 14 14 6 6 6 1 14 14 10 9 2 12 1
5 7 8 4 3 8 7 5 0 0 0 0 0 0 14 0 14 14 14 14 14 14 14 14 14 14 14 14 14 14 0 14 14 14 14 6 6 14 14 14 14 14 14 14 14 14 14 14 6 14 14 14 14 6 6 6 1 14 14 10 9 2 12 1
5 7 8 4 3 8 7 5 0 0 0 0 14 0 14 0 14 14 14 14 0 14 14 14 14 14 14 14 14 14 0 14 14 14 14 6 6 14 14 14 14 14 14 14 14 14 14 14 6 6 6 14 14 6 6 6 1 12 2 10 9 2 12 1
5 7 8 4 3 8 7 5 0 0 0 0 14 0 14 0 14 14 14 14 0 14 14 14 14 14 14 14 14 14 0 14 14 14 14 6 6 14 14 14 14 14 14 14 14 14 14 14 6 6 6 14 14 6 6 6 1 12 2 10 9 2 12 1
5 7 8 4 3 8 7 5 0 0 0 0 14 0 14 0 14 14 14 14 0 14 14 14 14 14 14 14 14 14 0 14 14 14 14 6 6 14 14 14 14 14 14 14 14 14 14 14 6 6 6 14 14 6 6 6 1 12 2 10 9 2 12 1
5 7 8 4 3 8 7 5 0 0 0 0 14 0 14 0 14 14 14 14 0 14 14 14 14 14 14 14 14 14 0 14 14 14 14 6 6 14 14 14 14 14 14 14 14 14 14 14 6 6 6 14 14 6 6 6 1 12 2 10 9 2 12 1
5 7 8 4 3 8 7 5 0 0 0 0 14 0 14 0 14 14 14 14 0 14 14 14 14 14 14 14 14 14 0 14 14 14 14 6 6 14 14 14 14 14 14 14 14 14 14 14 6 6 6 14 14 6 6 6 1 12 2 10 9 2 12 1
5 7 8 4 3 8 7 5 0 0 0 0 14 0 14 0 14 14 14 14 0 14 14 14 14 14 14 14 14 14 0 14 14 14 14 6 6 14 14 14 14 14 14 14 14 14 14 14 6 6 6 14 14 6 6 6 1 12 2 10 9 2 12 1
5 7 8 4 3 8 7 5 0 0 0 0 14 0 14 0 14 14 14 14 0 14 14 14 14 14 14 14 14 14 0 14 14 14 14 6 6 14 14 14 14 14 14 14 14 14 14 14 6 6 6 14 14 6 6 6 1 12 2 10 9 2 12 1
5 7 8 4 3 8 7 5 0 0 0 0 14 0 14 0 14 14 14 14 0 14 14 14 14 14 14 14 14 14 0 14 14 14 14 6 6 14 14 14 14 14 14 14 14 14 14 14 6 6 6 14 14 6 6 6 1 12 2 10 9 2 12 1
5 7 8 4 3 8 7 5 0 0 0 0 14 0 14 0 14 14 14 14 0 14 14 14 14 14 14 14 14 14 0 14 14 14 14 6 6 14 14 14 14 14 14 14 14 14 14 14 6 6 6 14 14 6 6 6 1 12 2 10 9 2 12 1
5 7 8 4 3 8 7 5 0 0 0 0 14 0 14 0 14 14 14 14 0 14 14 14 14 14 14 14 14 14 0 14 14 14 14 6 6 14 14 14 14 14 12 14 14 14 14 14 6 6 6 14 14 6 6 6 1 14 2 10 9 2 12 1
5 7 8 4 3 8 7 5 0 0 0 0 14 0 14 0 14 14 14 14 0 14 14 14 14 14 14 14 14 14 0 14 14 14 14 6 6 14 14 14 14 14 12 14 14 14 14 14 6 6 6 14 14 6 6 6 1 14 2 10 9 2 12 1
5 7 8 4 3 8 7 5 0 0 0 0 14 0 14 0 14 14 14 14 0 14 14 14 14 14 14 14 14 14 0 14 14 14 14 6 6 14 14 14 14 14 12 14 14 14 14 14 6 6 6 14 14 6 6 6 1 14 2 10 9 2 12 1
5 7 8 4 3 8 7 5 0 0 0 0 14 0 14 0 14 14 14 14 0 14 14 14 14 14 14 14 14 14 0 14 14 14 14 6 6 14 14 14 14 14 12 14 14 14 14 14 6 6 6 14 14 6 6 6 1 14 2 10 9 2 12 1
5 7 8 4 3 8 7 5 0 0 0 0 14 0 14 0 14 14 14 14 0 14 14 14 14 14 14 14 14 14 0 14 14 14 14 6 6 14 14 14 14 14 12 14 14 14 14 14 6 6 6 14 14 6 6 6 1 14 2 10 9 2 12 1
5 7 8 4 3 8 7 5 0 0 0 0 14 0 14 0 14 14 14 14 0 14 14 14 14 14 14 14 14 14 0 14 14 14 14 6 6 14 14 14 14 14 12 14 14 14 14 14 6 6 6 14 14 6 6 6 1 14 2 10 9 2 12 1
5 7 8 4 3 8 7 5 0 0 0 0 14 0 14 0 14 14 14 14 0 14 14 14 14 14 14 14 14 14 0 14 14 14 14 6 6 14 14 14 14 14 12 14 14 14 14 14 6 6 6 14 14 6 6 6 1 14 2 10 9 2 12 1
5 7 8 4 3 8 7 5 0 0 0 0 14 0 14 0 14 14 14 14 0 14 14 14 14 14 14 14 14 14 0 14 14 14 14 6 6 14 14 14 14 14 12 14 14 14 14 14 6 6 6 14 14 6 6 6 1 14 2 10 9 2 12 1
5 7 8 4 3 14 7 5 0 0 0 0 14 0 7 0 14 14 14 14 0 14 14 14 14 14 14 14 14 14 0 14 14 14 14 6 6 14 14 14 14 14 12 14 14 14 14 14 6 6 6 14 14 6 6 6 1 14 2 10 9 2 12 1
5 7 8 4 3 14 7 5 0 0 0 0 14 0 7 0 14 14 14 14 0 14 14 14 14 14 14 14 14 14 0 14 14 14 14 6 6 14 14 14 14 14 12 14 14 14 14 14 6 6 6 14 14 6 6 6 1 14 2 10 9 2 12 1
5 7 8 4 3 14 7 5 0 0 0 0 14 0 7 0 14 14 14 14 0 14 14 14 14 14 14 14 14 14 0 14 14 14 14 6 6 14 14 14 14 14 12 14 14 14 14 14 6 6 6 14 14 6 6 6 1 14 2 10 9 2 12 1
5 7 8 4 3 14 7 5 0 0 0 0 14 0 7 0 14 14 14 14 0 14 14 14 14 14 14 14 14 14 0 14 14 14 14 6 6 14 14 14 14 14 12 14 14 14 14 14 6 6 6 14 14 6 6 6 1 14 2 10 9 2 12 1
5 7 8 4 3 14 7 5 0 0 0 0 14 0 7 0 14 14 14 14 0 14 14 14 14 14 14 14 14 14 0 14 14 14 14 6 6 14 14 14 14 14 12 14 14 14 14 14 6 6 6 14 14 6 6 6 1 14 2 10 9 2 12 1
5 7 8 4 3 14 7 5 0 0 0 0 14 0 7 0 14 14 14 14 0 14 14 14 14 14 14 14 14 14 0 14 14 14 14 6 6 14 14 14 14 14 12 14 14 14 14 14 6 6 6 14 14 6 6 6 1 14 2 10 9 2 12 1
5 7 8 4 3 14 7 5 0 0 0 0 14 0 7 0 14 14 14 14 0 14 14 14 14 14 14 14 14 14 0 14 14 14 14 6 6 14 14 14 14 14 12 14 14 14 14 14 6 6 6 14 14 6 6 6 1 14 2 10 9 2 12 1
5 7 8 4 3 14 7 5 0 0 0 0 14 0 7 0 14 14 14 14 0 14 14 14 14 14 14 14 14 14 0 14 14 14 14 6 6 14 14 14 14 14 12 14 14 14 14 14 6 6 6 14 14 6 6 6 1 14 2 10 9 2 12 1
5 7 8 4 3 14 7 5 0 0 0 0 14 0 7 0 14 14 14 14 0 14 14 14 14 14 14 14 14 14 0 14 14 14 14 6 6 14 14 14 14 14 12 14 14 14 14 14 6 6 6 14 14 6 6 6 1 14 2 10 9 2 12 1
5 7 8 4 3 14 7 5 0 0 0 0 14 0 7 0 14 14 14 14 0 14 14 14 14 14 14 14 14 14 0 14 14 14 14 6 6 14 14 14 14 14 12 14 14 14 14 14 6 6 6 14 14 6 6 6 1 14 2 10 9 2 12 1
5 7 8 4 3 14 7 5 0 0 0 0 14 0 7 0 14 14 14 14 0 14 14 14 14 14 14 14 14 14 0 14 14 14 14 6 6 14 14 14 14 14 12 14 14 14 14 14 6 6 6 14 14 6 6 6 1 14 2 10 9 2 12 1
5 7 8 4 3 14 7 5 0 0 0 0 14 0 7 0 14 14 14 14 0 14 14 14 14 14 14 14 14 14 0 14 14 14 14 6 6 14 14 14 14 14 12 14 14 14 14 14 6 6 6 14 2 6 6 6 1 14 2 10 9 14 12 1
5 7 8 4 3 14 7 5 0 0 0 0 14 0 7 0 14 14 14 14 0 14 14 14 14 14 14 14 14 14 0 14 14 14 14 6 6 14 14 14 14 14 12 14 14 14 14 14 6 6 6 14 2 6 6 6 1 14 2 10 9 14 12 1
5 7 8 4 3 14 7 5 0 0 0 0 14 0 7 0 14 14 14 14 0 14 14 14 14 14 14 14 14 14 0 14 14 14 14 6 6 14 14 14 14 14 12 14 14 14 14 14 6 6 6 14 2 6 6 6 1 14 2 10 9 14 12 1
5 7 8 4 3 14 7 5 0 0 0 0 14 0 7 0 14 14 14 14 0 14 14 14 14 14 14 14 14 14 0 14 14 14 14 6 6 14 14 14 14 14 12 14 14 14 14 14 6 6 6 14 2 6 6 6 1 14 2 10 9 14 12 1
5 7 8 4 3 14 7 5 0 0 0 0 14 0 7 0 14 14 14 14 0 14 14 14 14 14 14 14 14 14 0 14 14 14 14 6 6 14 14 14 14 14 12 14 14 14 14 14 6 6 6 14 2 6 6 6 1 14 2 10 9 14 12 1
5 7 8 4 3 14 7 5 0 0 0 0 14 0 7 0 14 14 14 14 0 14 14 14 14 14 14 14 14 14 0 14 14 14 14 6 6 14 14 14 14 14 12 14 14 14 14 14 6 6 6 14 2 6 6 6 1 14 2 10 9 14 12 1
5 7 8 4 3 14 7 5 0 0 0 0 14 0 7 0 14 14 14 14 0 14 14 14 14 14 14 14 14 14 0 14 14 14 14 6 6 14 14 14 14 14 12 14 14 14 14 14 6 6 6 14 2 6 6 6 1 14 2 10 9 14 12 1
5 7 8 4 3 14 7 5 0 0 0 0 14 0 7 0 14 14 14 14 0 14 14 14 14 14 14 14 14 14 0 14 14 14 14 6 6 14 14 14 14 14 12 14 14 14 14 14 6 6 6 14 2 6 6 6 1 14 2 10 9 14 12 1
5 7 8 4 3 14 7 5 0 0 0 0 14 0 7 0 14 14 14 14 0 14 14 14 14 14 14 14 14 14 0 14 14 14 14 6 6 14 14 14 14 14 12 14 14 14 14 14 6 6 6 14 2 6 6 6 1 14 2 10 9 14 12 1
5 7 8 4 3 14 7 5 0 0 0 0 14 0 7 0 14 14 14 14 0 14 14 14 14 14 14 14 14 14 0 14 14 14 14 6 6 14 14 14 14 14 12 14 14 14 14 14 6 6 6 14 2 6 6 6 1 14 2 10 9 14 12 1
5 7 8 4 3 14 7 5 0 0 0 0 14 0 7 0 14 14 14 14 0 14 14 14 14 14 14 14 14 14 0 14 14 14 14 6 6 14 14 14 14 14 12 14 14 14 14 14 6 6 6 14 2 6 6 6 1 14 2 10 9 14 12 1
5 7 8 4 3 14 7 5 0 0 14 0 14 0 7 0 14 14 14 14 0 14 14 14 14 14 0 14 14 14 0 14 14 14 14 6 6 14 14 14 14 14 12 14 14 14 14 14 6 6 6 14 2 6 6 6 1 14 2 10 9 14 12 1
5 7 8 4 3 14 7 5 0 0 14 0 14 0 7 0 14 14 14 14 0 14 14 14 14 14 0 14 14 14 0 14 14 14 14 6 6 14 14 14 14 14 12 14 14 14 14 14 6 6 6 14 2 6 6 6 1 14 2 10 9 14 12 1
5 7 8 4 3 14 7 5 0 0 14 0 14 0 7 0 14 14 14 14 0 14 14 14 14 14 0 14 14 14 0 14 14 14 14 6 6 14 14 14 14 14 12 14 14 14 14 14 6 6 6 14 2 6 6 6 1 14 2 10 9 14 12 1
5 7 8 4 3 14 7 5 0 0 14 0 14 0 7 0 14 14 14 14 0 14 14 14 14 14 0 14 14 14 0 14 14 14 14 6 6 14 14 14 14 14 12 14 14 14 14 14 6 6 6 14 2 6 6 6 1 14 2 10 9 14 12 1
5 7 8 4 3 14 7 5 0 0 14 0 14 0 7 0 14 14 14 14 0 14 14 14 14 14 0 14 14 14 0 14 14 14 14 6 6 14 14 14 14 14 12 14 14 14 14 14 6 6 6 14 2 6 6 6 1 14 2 10 9 14 12 1
5 7 8 4 3 14 7 5 0 0 14 0 14 0 7 0 14 14 14 14 0 14 14 14 14 14 0 14 14 14 0 14 14 14 14 6 6 14 14 14 14 14 12 14 14 14 14 14 6 6 6 14 2 6 6 6 1 14 2 10 9 14 12 1
5 7 8 4 3 14 7 5 0 0 14 0 14 0 7 0 14 14 14 14 0 14 14 14 14 14 0 14 14 14 0 14 14 14 14 6 6 14 14 14 14 14 12 14 14 14 14 14 6 6 6 14 2 6 6 6 1 14 2 10 9 14 12 1
5 7 8 4 3 14 7 5 0 0 14 0 14 0 7 0 14 14 14 14 0 14 14 14 14 14 0 14 14 14 0 14 14 14 14 6 6 14 14 14 14 14 12 14 14 14 14 14 6 6 6 14 2 6 6 6 1 14 2 10 9 14 12 1
5 7 8 4 3 14 7 5 0 0 14 0 14 0 7 0 14 14 14 14 0 14 14 14 14 14 0 14 14 14 0 14 14 14 14 6 6 14 14 14 14 14 12 14 14 14 14 14 6 6 6 14 2 6 6 6 1 14 2 10 9 14 12 1
5 7 8 4 3 14 7 5 0 0 14 0 14 0 7 0 14 14 14 14 0 14 14 14 14 14 0 14 14 14 0 14 14 14 14 6 6 14 14 14 14 14 12 14 14 14 14 14 6 6 6 14 2 6 6 6 1 14 2 10 9 14 12 1
5 7 8 4 3 14 7 5 0 0 14 0 14 0 7 0 14 14 14 14 0 14 14 14 14 14 0 14 14 14 0 14 14 14 14 6 6 14 14 14 14 14 12 14 14 14 14 14 6 6 6 14 2 6 6 6 1 14 2 10 9 14 12 1
5 7 8 4 3 14 7 5 0 0 14 0 14 0 7 0 14 14 14 14 0 14 14 14 14 14 6 14 14 14 0 14 14 14 14 14 6 14 14 14 14 14 12 14 14 14 14 14 14 6 6 14 2 6 6 6 14 14 1 10 9 14 12 1
5 7 8 4 3 14 7 5 0 0 14 0 14 0 7 0 14 14 14 14 0 14 14 14 14 14 6 14 14 14 0 14 14 14 14 14 6 14 14 14 14 14 12 14 14 14 14 14 14 6 6 14 2 6 6 6 14 14 1 10 9 14 12 1
5 7 8 4 3 14 7 5 0 0 14 0 14 0 7 0 14 14 14 14 0 14 14 14 14 14 6 14 14 14 0 14 14 14 14 14 6 14 14 14 14 14 12 14 14 14 14 14 14 6 6 14 2 6 6 6 14 14 1 10 9 14 12 1
5 7 8 4 3 14 7 5 0 0 14 0 14 0 7 0 14 14 14 14 0 14 14 14 14 14 6 14 14 14 0 14 14 14 14 14 6 14 14 14 14 14 12 14 14 14 14 14 14 6 6 14 2 6 6 6 14 14 1 10 9 14 12 1
5 7 8 4 3 14 7 5 0 0 14 0 14 0 7 0 14 14 14 14 0 14 14 14 14 14 6 14 14 14 0 14 14 14 14 14 6 14 14 14 14 14 12 14 14 14 14 14 14 6 6 14 2 6 6 6 14 14 1 10 9 14 12 1
5 7 8 4 3 14 7 5 0 0 14 0 14 0 7 0 14 14 14 14 0 14 14 14 14 14 6 14 14 14 0 14 14 14 14 14 6 14 14 14 14 14 12 14 14 14 14 14 14 6 6 14 2 6 6 6 14 14 1 10 9 14 12 1
5 7 8 4 3 14 7 5 0 0 14 0 14 0 7 0 14 14 14 14 0 14 14 14 14 14 6 14 14 14 0 14 14 14 14 14 6 14 14 14 14 14 12 14 14 14 14 14 14 6 6 14 2 6 6 6 14 14 1 10 9 14 12 1
5 14 4 4 3 14 7 5 0 0 14 0 14 0 7 0 14 14 7 14 0 14 14 14 14 14 6 14 14 14 0 14 14 14 14 14 6 14 14 14 14 14 12 14 14 14 14 14 6 6 6 14 6 6 6 6 1 14 12 10 9 14 12 1
5 14 4 4 3 14 7 5 0 0 14 0 14 0 7 0 14 14 7 14 0 14 14 14 14 14 6 14 14 14 0 14 14 14 14 14 6 14 14 14 14 14 12 14 14 14 14 14 6 6 6 14 6 6 6 6 1 14 12 10 9 14 12 1
5 14 4 4 3 14 7 5 0 0 14 0 14 0 7 0 14 14 7 14 0 14 14 14 14 14 6 14 14 14 0 14 14 14 14 14 6 14 14 14 14 14 12 14 14 14 14 14 6 6 6 14 6 6 6 6 1 14 12 10 9 14 12 1
5 14 4 4 3 14 7 5 0 0 14 0 14 0 7 0 14 14 7 14 0 14 14 14 14 14 6 14 14 14 0 14 14 14 14 14 6 14 14 14 14 14 12 14 14 14 14 14 6 6 6 14 6 6 6 6 1 14 12 10 9 14 12 1
5 14 4 4 3 14 7 5 0 0 14 0 14 0 7 0 14 14 7 14 0 14 14 14 14 14 6 14 14 14 0 14 14 14 14 14 6 14 14 14 14 14 12 14 14 14 14 14 6 6 6 14 6 6 6 6 1 14 12 10 9 14 12 1
5 14 4 4 3 14 7 5 0 0 14 0 14 0 7 0 14 14 7 14 0 14 14 14 14 14 6 14 14 14 0 14 14 14 14 14 6 14 14 14 14 14 12 14 14 14 14 14 6 6 6 14 6 6 6 6 1 14 12 10 9 14 12 1
5 14 4 4 3 14 7 5 0 0 14 0 14 0 7 0 14 14 7 14 0 14 14 14 14 14 6 14 14 14 0 14 14 14 14 14 6 14 14 14 14 14 12 14 14 14 14 14 6 6 6 14 6 6 6 6 1 14 12 10 9 14 12 1
5 14 4 4 3 14 7 5 0 0 14 0 14 0 7 0 14 14 7 14 0 14 14 14 14 14 6 14 14 14 0 14 14 14 14 14 6 14 14 14 14 14 12 14 14 14 14 14 6 6 6 14 6 6 6 6 1 14 12 10 9 14 12 1
5 14 4 4 3 14 7 5 0 0 14 0 14 0 7 0 14 14 7 14 0 14 14 14 14 14 6 14 14 14 0 14 14 14 14 14 6 14 14 14 14 14 12 14 14 14 14 14 6 6 6 14 6 6 6 6 1 14 12 10 9 14 12 1
5 14 4 4 3 14 7 5 0 0 14 0 14 0 7 0 14 14 7 14 0 14 14 14 14 14 6 14 14 14 0 14 14 14 14 14 6 14 14 14 14 14 12 14 14 14 14 14 6 6 6 14 6 6 6 6 1 14 12 10 9 14 12 1
5 14 4 4 3 14 7 5 0 0 14 0 14 0 7 0 14 14 7 14 0 14 14 14 14 14 6 14 6 14 0 14 14 14 14 14 14 14 14 14 14 14 12 14 14 14 14 14 6 6 6 14 2 6 6 6 1 14 2 10 9 14 12 1
5 14 4 4 3 14 7 5 0 0 14 0 14 0 7 0 14 14 7 14 0 14 14 14 14 14 6 14 6 14 0 14 14 14 14 14 14 14 14 14 14 14 12 14 14 14 14 14 6 6 6 14 2 6 6 6 1 14 2 10 9 14 12 1
5 14 4 4 3 14 7 5 0 0 14 0 14 0 7 0 14 14 7 14 0 14 14 14 14 14 6 14 6 14 0 14 14 14 14 14 14 14 14 14 14 14 12 14 14 14 14 14 6 6 6 14 2 6 6 6 1 14 2 10 9 14 12 1
5 14 4 4 3 14 7 5 0 0 14 0 14 0 7 0 14 14 7 14 0 14 14 14 14 14 6 14 6 14 0 14 14 14 14 14 14 14 14 14 14 14 12 14 14 14 14 14 6 6 6 14 2 6 6 6 1 14 2 10 9 14 12 1
5 14 4 4 3 14 7 5 0 0 14 0 14 0 7 0 14 14 7 14 0 14 14 14 14 14 6 14 6 14 0 14 14 14 14 14 14 14 14 14 14 14 12 14 14 14 14 14 6 6 6 14 2 6 6 6 1 14 2 10 9 14 12 1
5 14 4 4 3 14 7 5 0 0 14 0 14 0 7 0 14 14 7 14 0 14 14 14 14 14 6 14 6 14 0 14 14 14 14 14 14 14 14 14 14 14 12 14 14 14 14 14 6 6 6 14 2 6 6 6 1 14 2 10 9 14 12 1
5 14 4 4 3 14 7 5 0 0 14 0 14 0 7 0 14 14 7 14 0 14 14 14 14 14 6 14 6 14 0 14 14 14 14 14 14 14 14 14 14 14 12 14 14 14 14 14 6 6 6 14 2 6 6 6 1 14 2 10 9 14 12 1
5 14 4 4 3 14 7 5 0 0 14 0 14 0 7 0 14 14 7 14 0 14 14 14 14 14 6 14 6 14 0 14 14 14 14 14 14 14 14 14 14 14 12 14 14 14 14 14 6 6 6 14 2 6 6 6 1 14 2 10 9 14 12 1
5 14 4 4 3 14 7 5 0 0 14 0 14 0 7 0 14 14 7 14 0 14 14 14 14 14 6 14 6 14 0 14 14 14 14 14 14 14 14 14 14 14 12 14 14 14 14 14 6 6 6 14 2 6 6 6 1 14 2 10 9 14 12 1
5 14 4 4 3 14 7 5 0 0 14 0 14 0 7 0 14 14 7 14 0 14 14 14 14 14 6 14 6 14 0 14 14 14 14 14 14 14 14 14 14 14 12 14 14 14 14 14 6 6 6 14 2 6 6 6 1 14 2 10 9 14 12 1
5 14 4 4 3 14 7 5 0 0 14 0 14 0 7 0 14 14 7 14 0 14 14 14 14 14 6 14 6 14 0 14 14 14 14 14 14 14 14 14 14 14 12 14 14 14 14 14 6 6 6 14 2 6 6 6 1 14 2 10 9 14 12 1
5 14 4 4 3 14 7 5 0 0 14 0 14 0 7 0 14 14 7 14 0 14 14 14 14 14 6 14 6 14 0 14 14 14 14 14 14 14 14 14 14 14 12 14 14 14 14 14 6 6 6 14 2 6 6 6 1 14 2 10 9 14 12 1
5 14 4 14 3 14 7 5 0 0 14 0 4 0 7 0 14 14 7 14 0 14 14 14 14 14 6 14 6 14 0 14 14 14 14 14 14 14 14 14 14 14 12 14 14 14 14 14 6 6 6 14 6 6 6 6 1 14 2 10 9 14 12 1
5 14 4 14 3 14 7 5 0 0 14 0 4 0 7 0 14 14 7 14 0 14 14 14 14 14 6 14 6 14 0 14 14 14 14 14 14 14 14 14 14 14 12 14 14 14 14 14 6 6 6 14 6 6 6 6 1 14 2 10 9 14 12 1
5 14 4 14 3 14 7 5 0 0 14 0 4 0 7 0 14 14 7 14 0 14 14 14 14 14 6 14 6 14 0 14 14 14 14 14 14 14 14 14 14 14 12 14 14 14 14 14 6 6 6 14 6 6 6 6 1 14 2 10 9 14 12 1
5 14 4 14 3 14 7 5 0 0 14 0 4 0 7 0 14 14 7 14 0 14 14 14 14 14 6 14 6 14 0 14 14 14 14 14 14 14 14 14 14 14 12 14 14 14 14 14 6 6 6 14 6 6 6 6 1 14 2 10 9 14 12 1
5 14 4 14 3 14 7 5 0 0 14 0 4 0 7 0 14 14 7 14 0 14 14 14 14 14 6 14 6 14 0 14 14 14 14 14 14 14 14 14 14 14 12 14 14 14 14 14 6 6 6 14 6 6 6 6 1 14 2 10 9 14 12 1
5 14 4 14 3 14 7 5 0 0 14 0 4 0 7 0 14 14 7 14 0 14 14 14 14 14 6 14 6 14 0 14 14 14 14 14 14 14 14 14 14 14 12 14 14 14 14 14 6 6 6 14 6 6 6 6 1 14 2 10 9 14 12 1
5 14 4 14 3 14 7 5 0 0 14 0 4 0 7 0 14 14 7 14 0 14 14 14 14 14 6 14 6 14 0 14 14 14 14 14 14 14 14 14 14 14 12 14 14 14 14 14 6 6 6 14 6 6 6 6 1 14 2 10 9 14 12 1
5 14 4 14 3 14 7 5 0 0 14 0 4 0 7 0 14 14 7 14 0 14 14 14 14 14 6 14 6 14 0 14 14 14 14 14 14 14 14 14 14 14 12 14 14 14 14 14 6 6 6 14 6 6 6 6 1 14 2 10 9 14 12 1
5 14 4 14 3 14 7 5 0 0 14 0 4 0 7 0 14 14 7 14 0 14 14 14 14 14 6 14 6 14 0 14 14 14 14 14 14 14 14 14 14 14 12 14 14 14 14 14 6 6 6 14 6 6 6 6 1 14 2 10 9 14 12 1
5 14 4 14 3 14 7 5 0 0 14 0 4 0 7 0 14 14 7 14 0 14 14 14 14 14 6 14 6 14 0 14 14 14 14 14 14 14 14 14 14 14 12 14 14 14 14 14 6 6 6 14 6 6 6 6 1 14 2 10 9 14 12 1
5 14 4 14 3 14 7 5 0 0 14 0 4 0 7 0 14 14 7 14 0 14 14 14 14 14 6 14 6 14 0 14 14 14 14 14 14 14 14 14 14 14 12 14 14 14 14 14 6 6 6 14 6 6 6 6 1 14 2 10 9 14 12 1
5 14 4 14 3 14 7 5 0 0 14 0 4 0 7 0 14 14 7 14 0 14 14 14 14 14 6 14 6 14 0 14 14 14 14 14 14 14 14 14 14 14 12 14 14 14 14 14 6 6 6 14 14 14 6 6 1 14 1 14 14 14 12 1
5 14 4 14 3 14 7 5 0 0 14 0 4 0 7 0 14 14 7 14 0 14 14 14 14 14 6 14 6 14 0 14 14 14 14 14 14 14 14 14 14 14 12 14 14 14 14 14 6 6 6 14 14 14 6 6 1 14 1 14 14 14 12 1
5 14 4 14 3 14 7 5 0 0 14 0 4 0 7 0 14 14 7 14 0 14 14 14 14 14 6 14 6 14 0 14 14 14 14 14 14 14 14 14 14 14 12 14 14 14 14 14 6 6 6 14 14 14 6 6 1 14 1 14 14 14 12 1
5 14 4 14 3 14 7 5 0 0 14 0 4 0 7 0 14 14 7 14 0 14 14 14 14 14 6 14 6 14 0 14 14 14 14 14 14 14 14 14 14 14 12 14 14 14 14 14 6 6 6 14 14 14 6 6 1 14 1 14 14 14 12 1
5 14 4 14 3 14 7 5 0 0 14 0 4 0 7 0 14 14 7 14 0 14 14 14 14 14 6 14 6 14 0 14 14 14 14 14 14 14 14 14 14 14 12 14 14 14 14 14 6 6 6 14 14 14 6 6 1 14 1 14 14 14 12 1
5 14 4 14 3 14 7 5 0 0 14 0 4 0 7 0 14 14 7 14 0 14 14 14 14 14 6 14 6 14 0 14 14 14 14 14 14 14 14 14 14 14 12 14 14 14 14 14 6 6 6 14 14 14 6 6 1 14 1 14 14 14 12 1
5 14 4 14 3 14 7 5 0 0 14 0 4 0 7 0 14 14 7 14 0 14 14 14 14 14 6 14 6 14 0 14 14 14 14 14 14 14 14 14 14 14 12 14 14 14 14 14 6 6 6 14 14 14 6 6 1 14 1 14 14 14 12 1
5 14 4 14 3 14 7 5 0 0 14 0 4 0 7 0 14 14 7 14 0 14 14 14 14 14 6 14 6 14 0 14 14 14 14 14 14 14 14 14 14 14 12 14 14 14 14 14 6 6 6 14 14 14 6 6 1 14 1 14 14 14 12 1
5 14 4 14 3 14 7 5 0 0 14 0 4 0 7 0 14 14 7 14 0 14 14 14 14 14 6 14 6 14 0 14 14 14 14 14 14 14 14 14 14 14 12 14 14 14 14 14 6 6 6 14 14 14 6 6 1 14 1 14 14 14 12 1
5 14 4 14 3 14 7 5 0 0 14 0 4 0 7 0 14 14 7 14 0 14 14 14 14 14 6 14 6 14 0 14 14 14 14 14 14 14 14 14 14 14 12 14 14 14 14 14 6 6 6 14 14 14 6 6 1 14 1 14 14 14 12 1
5 14 4 14 3 14 14 5 0 0 14 0 4 0 7 0 14 14 7 14 0 7 14 14 14 14 6 14 6 14 0 14 14 14 14 14 14 14 14 14 14 14 12 14 14 14 14 14 6 6 6 14 14 6 6 6 1 14 2 10 9 14 12 1
5 14 4 14 3 14 14 5 0 0 14 0 4 0 7 0 14 14 7 14 0 7 14 14 14 14 6 14 6 14 0 14 14 14 14 14 14 14 14 14 14 14 12 14 14 14 14 14 6 6 6 14 14 6 6 6 1 14 2 10 9 14 12 1
5 14 4 14 3 14 14 5 0 0 14 0 4 0 7 0 14 14 7 14 0 7 14 14 14 14 6 14 6 14 0 14 14 14 14 14 14 14 14 14 14 14 12 14 14 14 14 14 6 6 6 14 14 6 6 6 1 14 2 10 9 14 12 1
5 14 4 14 3 14 14 5 0 0 14 0 4 0 7 0 14 14 7 14 0 7 14 14 14 14 6 14 6 14 0 14 14 14 14 14 14 14 14 14 14 14 12 14 14 14 14 14 6 6 6 14 14 6 6 6 1 14 2 10 9 14 12 1
5 14 4 14 3 14 14 5 0 0 14 0 4 0 7 0 14 14 7 14 0 7 14 14 14 14 6 14 6 14 0 14 14 14 14 14 14 14 14 14 14 14 12 14 14 14 14 14 6 6 6 14 14 6 6 6 1 14 2 10 9 14 12 1
5 14 4 14 3 14 14 5 0 0 14 0 4 0 7 0 14 14 7 14 0 7 14 14 14 14 6 14 6 14 0 14 14 14 14 14 14 14 14 14 14 14 12 14 14 14 14 14 6 6 6 14 14 6 6 6 1 14 2 10 9 14 12 1
5 14 4 14 3 14 14 5 0 0 14 0 4 0 7 0 14 14 7 14 0 7 14 14 14 14 6 14 6 14 0 14 14 14 14 14 14 14 14 14 14 14 12 14 14 14 14 14 6 6 6 14 14 6 6 6 1 14 2 10 9 14 12 1
5 14 4 14 3 14 14 5 0 0 14 0 4 0 7 0 14 14 7 14 0 7 14 14 14 14 6 14 6 14 0 14 14 14 14 14 14 14 14 14 14 14 12 14 14 14 14 14 6 6 6 14 14 6 6 6 1 14 2 10 9 14 12 1
5 14 4 14 3 14 14 5 0 0 14 0 4 0 7 0 14 14 7 14 0 7 14 14 14 14 6 14 6 14 0 14 14 14 14 14 14 14 14 14 14 14 12 14 14 14 14 14 6 6 6 14 14 6 6 6 1 14 2 10 9 14 12 1
5 14 4 14 3 14 14 5 0 0 14 0 4 0 7 0 14 14 7 14 0 7 14 14 14 14 6 14 6 14 0 14 14 14 14 14 14 14 14 14 14 14 12 14 14 14 14 14 6 6 6 14 14 6 6 6 1 14 2 10 9 14 12 1
5 14 4 14 3 14 14 5 0 0 14 0 4 0 7 0 14 14 7 14 0 7 14 14 14 14 6 14 6 14 0 14 14 14 14 14 14 14 14 14 14 14 12 14 14 14 14 14 6 6 6 14 14 6 6 6 1 14 2 10 9 14 12 1
5 14 4 14 3 14 14 5 0 0 14 0 4 0 7 0 14 14 7 14 0 7 14 14 14 12 6 14 6 14 0 14 14 14 14 14 14 14 14 14 14 14 14 14 14 14 14 14 6 6 6 14 14 6 6 6 1 14 2 10 9 14 12 1
5 14 4 14 3 14 14 5 0 0 14 0 4 0 7 0 14 14 7 14 0 7 14 14 14 12 6 14 6 14 0 14 14 14 14 14 14 14 14 14 14 14 14 14 14 14 14 14 6 6 6 14 14 6 6 6 1 14 2 10 9 14 12 1
5 14 4 14 3 14 14 5 0 0 14 0 4 0 7 0 14 14 7 14 0 7 14 14 14 12 6 14 6 14 0 14 14 14 14 14 14 14 14 14 14 14 14 14 14 14 14 14 6 6 6 14 14 6 6 6 1 14 2 10 9 14 12 1
5 14 4 14 3 14 14 5 0 0 14 0 4 0 7 0 14 14 7 14 0 7 14 14 14 12 6 14 6 14 0 14 14 14 14 14 14 14 14 14 14 14 14 14 14 14 14 14 6 6 6 14 14 6 6 6 1 14 2 10 9 14 12 1
5 14 4 14 3 14 14 5 0 0 14 0 4 0 7 0 14 14 7 14 0 7 14 14 14 12 6 14 6 14 0 14 14 14 14 14 14 14 14 14 14 14 14 14 14 14 14 14 6 6 6 14 14 6 6 6 1 14 2 10 9 14 12 1
5 14 4 14 3 14 14 5 0 0 14 0 4 0 7 0 14 14 7 14 0 7 14 14 14 12 6 14 6 14 0 14 14 14 14 14 14 14 14 14 14 14 14 14 14 14 14 14 6 6 6 14 14 6 6 6 1 14 2 10 9 14 12 1
5 14 4 14 3 14 14 5 0 0 14 0 4 0 7 0 14 14 7 14 0 7 14 14 14 12 6 14 6 14 0 14 14 14 14 14 14 14 14 14 14 14 14 14 14 14 14 14 6 6 6 14 14 6 6 6 1 14 2 10 9 14 12 1
5 14 4 14 3 14 14 5 0 0 14 0 4 0 7 0 14 14 7 14 0 7 14 14 14 12 6 14 6 14 0 14 14 14 14 14 14 14 14 14 14 14 14 14 14 14 14 14 6 6 6 14 14 6 6 6 1 14 2 10 9 14 12 1
5 14 8 14 3 14 14 5 14 0 14 0 4 0 7 0 0 14 7 14 0 7 14 14 14 12 6 14 6 14 0 14 14 14 14 14 14 14 14 14 14 14 14 14 14 14 14 14 6 6 6 14 14 6 6 6 1 14 12 10 9 14 12 1
5 14 8 14 3 14 14 5 14 0 14 0 4 0 7 0 0 14 7 14 0 7 14 14 14 12 6 14 6 14 0 14 14 14 14 14 14 14 14 14 14 14 14 14 14 14 14 14 6 6 6 14 14 6 6 6 1 14 12 10 9 14 12 1
5 14 8 14 3 14 14 5 14 0 14 0 4 0 7 0 0 14 7 14 0 7 14 14 14 12 6 14 6 14 0 14 14 14 14 14 14 14 14 14 14 14 14 14 14 14 14 14 6 6 6 14 14 6 6 6 1 14 12 10 9 14 12 1
5 14 8 14 3 14 14 5 14 0 14 0 4 0 7 0 0 14 7 14 0 7 14 14 14 12 6 14 6 14 0 14 14 14 14 14 14 14 14 14 14 14 14 14 14 14 14 14 6 6 6 14 14 6 6 6 1 14 12 10 9 14 12 1
5 14 8 14 3 14 14 5 14 0 14 0 4 0 7 0 0 14 7 14 0 7 14 14 14 12 6 14 6 14 0 14 14 14 14 14 14 14 14 14 14 14 14 14 14 14 14 14 6 6 6 14 14 6 6 6 1 14 12 10 9 14 12 1
5 14 8 14 3 14 14 5 14 0 14 0 4 0 7 0 0 14 7 14 0 7 14 14 14 12 6 14 6 14 0 14 14 14 14 14 14 14 14 14 14 14 14 14 14 14 14 14 6 6 6 14 14 6 6 6 1 14 12 10 9 14 12 1
5 14 8 14 3 14 14 5 14 0 14 0 4 0 7 0 0 14 7 14 0 7 14 14 14 12 6 14 6 14 0 14 14 14 14 14 14 14 14 14 14 14 14 14 14 14 14 14 6 6 6 14 14 6 6 6 1 14 12 10 9 14 12 1
5 14 8 14 3 14 14 5 14 0 14 0 4 0 7 0 0 14 7 14 0 7 14 14 14 12 6 14 6 14 0 14 14 14 14 14 14 14 14 14 14 14 14 14 14 14 14 14 6 6 6 14 14 6 6 6 1 14 12 10 9 14 12 1
5 14 8 14 3 14 14 5 14 0 14 0 4 0 7 0 0 14 7 14 0 7 14 14 14 12 6 14 6 14 0 14 14 14 14 14 14 14 14 14 14 14 14 14 14 14 14 14 6 6 6 14 14 6 6 6 1 14 12 10 9 14 12 1
5 14 8 14 3 14 14 5 14 0 14 0 4 0 7 0 0 14 7 14 0 7 14 14 14 12 6 14 6 14 0 14 14 14 14 14 14 14 14 14 14 14 14 14 14 14 14 14 6 6 6 14 14 6 6 6 1 14 12 10 9 14 12 1
5 14 8 14 3 14 14 5 14 0 14 0 4 0 7 0 0 14 7 14 0 7 14 14 14 12 6 14 6 14 0 14 14 14 14 14 14 14 14 14 14 14 14 14 14 14 14 14 6 6 6 14 14 6 6 6 1 14 12 10 9 14 12 1
5 14 8 14 3 14 14 5 14 0 14 0 4 0 7 0 0 14 7 14 0 7 14 14 14 12 6 14 6 14 0 14 14 14 14 14 14 14 14 14 14 14 14 14 14 14 14 14 6 6 6 14 14 6 6 6 1 14 12 10 9 14 12 1
5 14 8 14 3 14 14 5 14 0 14 0 4 0 7 0 0 14 7 14 0 7 14 14 14 12 6 14 6 14 0 14 14 14 14 14 14 14 14 14 14 14 14 14 14 14 14 14 6 6 6 14 14 6 6 6 1 14 12 10 9 14 12 1
5 14 8 14 3 14 14 5 14 0 14 0 4 0 7 0 0 14 7 14 0 7 14 14 14 14 6 14 6 14 0 14 14 14 14 14 14 14 6 14 14 14 14 14 14 14 14 14 6 6 6 14 14 6 6 6 1 14 2 10 9 14 12 1
5 14 8 14 3 14 14 5 14 0 14 0 4 0 7 0 0 14 7 14 0 7 14 14 14 14 6 14 6 14 0 14 14 14 14 14 14 14 6 14 14 14 14 14 14 14 14 14 6 6 6 14 14 6 6 6 1 14 2 10 9 14 12 1
5 14 8 14 3 14 14 5 14 0 14 0 4 0 7 0 0 14 7 14 0 7 14 14 14 14 6 14 6 14 0 14 14 14 14 14 14 14 6 14 14 14 14 14 14 14 14 14 6 6 6 14 14 6 6 6 1 14 2 10 9 14 12 1
5 14 8 14 3 14 14 5 14 0 14 0 4 0 7 0 0 14 7 14 0 7 14 14 14 14 6 14 6 14 0 14 14 14 14 14 14 14 6 14 14 14 14 14 14 14 14 14 6 6 6 14 14 6 6 6 1 14 2 10 9 14 12 1
5 14 8 14 3 14 14 5 14 0 14 0 4 0 7 0 0 14 7 14 0 7 14 14 14 14 6 14 6 14 0 14 14 14 14 14 14 14 6 14 14 14 14 14 14 14 14 14 6 6 6 14 14 6 6 6 1 14 2 10 9 14 12 1
5 14 8 14 3 14 14 5 14 0 14 0 4 0 7 0 0 14 7 14 0 7 14 14 14 14 6 14 6 14 0 14 14 14 14 14 14 14 6 14 14 14 14 14 14 14 14 14 6 6 6 14 14 6 6 6 1 14 2 10 9 14 12 1
5 14 8 14 3 14 14 5 14 0 14 0 4 0 7 0 0 14 7 14 0 7 14 14 14 14 6 14 6 14 0 14 14 14 14 14 14 14 6 14 14 14 14 14 14 14 14 14 6 6 6 14 14 6 6 6 1 14 2 10 9 14 12 1
5 14 8 14 3 14 14 5 14 0 14 0 4 0 7 0 0 14 7 14 0 7 14 14 14 14 6 14 6 14 0 14 14 14 14 14 14 14 6 14 14 14 14 14 14 14 14 14 6 6 6 14 14 6 6 6 1 14 2 10 9 14 12 1
5 14 8 14 3 14 14 5 14 0 14 0 4 0 7 0 0 14 7 14 0 7 14 14 14 14 6 14 6 14 0 14 14 14 14 14 14 14 6 14 14 14 14 14 14 14 14 14 6 6 6 14 14 6 6 6 1 14 2 10 9 14 12 1
5 14 8 14 3 14 14 5 14 0 14 0 4 0 7 0 0 14 7 14 0 7 14 14 14 14 6 14 6 14 0 14 14 14 14 14 14 14 6 14 14 14 14 14 14 14 14 14 6 6 6 14 14 6 6 6 1 14 2 10 9 14 12 1
5 14 8 14 3 14 14 5 14 0 14 0 4 0 7 0 0 14 7 14 0 7 14 14 14 14 6 14 6 14 0 14 14 14 14 14 14 14 6 14 14 14 14 14 14 14 14 14 6 6 6 14 14 6 6 6 1 14 2 10 9 14 12 1
5 14 8 14 3 14 14 5 14 0 14 0 4 0 7 0 0 14 7 14 0 7 14 14 14 14 6 14 6 14 0 14 14 14 14 14 14 14 6 14 14 14 14 14 14 14 14 14 6 6 6 14 14 6 6 6 1 14 2 10 9 14 12 1
14 14 8 14 3 14 14 5 0 0 14 0 4 0 7 0 0 14 14 14 0 7 14 14 14 14 6 14 6 14 0 14 14 14 14 14 14 14 6 14 14 14 14 14 14 14 14 14 6 6 6 14 14 6 6 6 1 14 12 10 9 14 12 1
14 14 8 14 3 14 14 5 0 0 14 0 4 0 7 0 0 14 14 14 0 7 14 14 14 14 6 14 6 14 0 14 14 14 14 14 14 14 6 14 14 14 14 14 14 14 14 14 6 6 6 14 14 6 6 6 1 14 12 10 9 14 12 1
14 14 8 14 3 14 14 5 0 0 14 0 4 0 7 0 0 14 14 14 0 7 14 14 14 14 6 14 6 14 0 14 14 14 14 14 14 14 6 14 14 14 14 14 14 14 14 14 6 6 6 14 14 6 6 6 1 14 12 10 9 14 12 1
14 14 8 14 3 14 14 5 0 0 14 0 4 0 7 0 0 14 14 14 0 7 14 14 14 14 6 14 6 14 0 14 14 14 14 14 14 14 6 14 14 14 14 14 14 14 14 14 6 6 6 14 14 6 6 6 1 14 12 10 9 14 12 1
14 14 8 14 3 14 14 5 0 0 14 0 4 0 7 0 0 14 14 14 0 7 14 14 14 14 6 14 6 14 0 14 14 14 14 14 14 14 6 14 14 14 14 14 14 14 14 14 6 6 6 14 14 6 6 6 1 14 12 10 9 14 12 1
14 14 8 14 3 14 14 5 0 0 14 0 4 0 7 0 0 14 14 14 0 7 14 14 14 14 6 14 6 14 0 14 14 14 14 14 14 14 6 14 14 14 14 14 14 14 14 14 6 6 6 14 14 6 6 6 1 14 12 10 9 14 12 1
14 14 8 14 3 14 14 5 0 0 14 0 4 0 7 0 0 14 14 14 0 7 14 14 14 14 6 14 6 14 0 14 14 14 14 14 14 14 6 14 14 14 14 14 14 14 14 14 6 6 6 14 14 6 6 6 1 14 12 10 9 14 12 1
14 14 8 14 3 14 14 5 0 0 14 0 4 0 7 0 0 14 14 14 0 7 14 14 14 14 6 14 6 14 0 14 14 14 14 14 14 14 6 14 14 14 14 14 14 14 14 14 6 6 6 14 14 6 6 6 1 14 12 10 9 14 12 1
14 14 8 14 3 14 14 5 0 0 14 0 4 0 7 0 0 14 14 14 0 7 14 14 14 14 6 14 6 14 0 14 14 14 14 14 14 14 6 14 14 14 14 14 14 14 14 14 6 6 6 14 14 6 6 6 1 14 12 10 9 14 12 1
14 14 8 14 3 14 14 5 0 0 14 0 4 0 7 0 0 14 14 14 0 7 14 14 14 14 6 14 6 14 0 14 14 14 14 14 14 14 6 14 14 14 14 14 14 14 14 14 6 6 6 14 14 6 6 6 1 14 12 10 9 14 12 1
14 14 8 14 3 14 14 5 0 0 14 0 4 0 7 0 0 14 14 14 0 7 14 14 14 14 6 14 6 14 0 14 14 14 14 14 14 14 6 14 14 14 14 14 14 14 14 14 6 6 6 14 14 6 6 6 1 14 12 10 9 14 12 1
14 14 8 14 3 14 14 5 0 0 14 0 4 0 7 0 0 14 14 14 0 7 14 14 14 14 6 14 6 14 0 14 14 14 14 14 14 14 6 14 14 14 14 14 14 14 14 14 6 6 6 14 14 6 6 6 1 14 12 10 9 14 12 1
14 14 8 14 3 14 14 5 0 0 14 0 4 0 7 0 0 14 7 14 0 7 14 14 12 14 6 14 6 14 0 14 14 14 14 14 14 14 6 14 14 14 14 14 14 14 14 14 6 6 6 14 14 6 6 6 1 14 12 10 14 14 12 1
14 14 8 14 3 14 14 5 0 0 14 0 4 0 7 0 0 14 7 14 0 7 14 14 12 14 6 14 6 14 0 14 14 14 14 14 14 14 6 14 14 14 14 14 14 14 14 14 6 6 6 14 14 6 6 6 1 14 12 10 14 14 12 1
14 14 8 14 3 14 14 5 0 0 14 0 4 0 7 0 0 14 7 14 0 7 14 14 12 14 6 14 6 14 0 14 14 14 14 14 14 14 6 14 14 14 14 14 14 14 14 14 6 6 6 14 14 6 6 6 1 14 12 10 14 14 12 1
14 14 8 14 3 14 14 5 0 0 14 0 4 0 7 0 0 14 7 14 0 7 14 14 12 14 6 14 6 14 0 14 14 14 14 14 14 14 6 14 14 14 14 14 14 14 14 14 6 6 6 14 14 6 6 6 1 14 12 10 14 14 12 1
14 14 8 14 3 14 14 5 0 0 14 0 4 0 7 0 0 14 7 14 0 7 14 14 12 14 6 14 6 14 0 14 14 14 14 14 14 14 6 14 14 14 14 14 14 14 14 14 6 6 6 14 14 6 6 6 1 14 12 10 14 14 12 1
14 14 8 14 3 14 14 5 0 0 14 0 4 0 7 0 0 14 7 14 0 7 14 14 12 14 6 14 6 14 0 14 14 14 14 14 14 14 6 14 14 14 14 14 14 14 14 14 6 6 6 14 14 6 6 6 1 14 12 10 14 14 12 1
14 14 8 14 3 14 14 5 0 0 14 0 4 0 7 0 0 14 7 14 0 7 14 14 12 14 6 14 6 14 0 14 14 14 14 14 14 14 6 14 14 14 14 14 14 14 14 14 6 6 6 14 14 6 6 6 1 14 12 10 14 14 12 1
14 14 8 14 3 14 14 5 0 0 14 0 4 0 7 0 0 14 7 14 0 7 14 14 12 14 6 14 6 14 0 14 14 14 14 14 14 14 6 14 14 14 14 14 14 14 14 14 6 6 6 14 14 6 6 6 1 14 12 10 14 14 12 1
14 14 8 14 3 14 14 5 0 0 14 0 4 0 7 14 0 14 7 14 0 7 14 0 12 14 6 14 6 14 0 14 14 14 14 14 14 14 6 14 14 14 14 14 14 14 14 14 6 6 6 14 14 6 6 6 1 14 12 10 14 14 12 1
14 14 8 14 3 14 14 5 0 0 14 0 4 0 7 14 0 14 7 14 0 7 14 0 12 14 6 14 6 14 0 14 14 14 14 14 14 14 6 14 14 14 14 14 14 14 14 14 6 6 6 14 14 6 6 6 1 14 12 10 14 14 12 1
14 14 8 14 3 14 14 5 0 0 14 0 4 0 7 14 0 14 7 14 0 7 14 0 12 14 6 14 6 14 0 14 14 14 14 14 14 14 6 14 14 14 14 14 14 14 14 14 6 6 6 14 14 6 6 6 1 14 12 10 14 14 12 1
14 14 8 14 3 14 14 5 0 0 14 0 4 0 7 14 0 14 7 14 0 7 14 0 12 14 6 14 6 14 0 14 14 14 14 14 14 14 6 14 14 14 14 14 14 14 14 14 6 6 6 14 14 6 6 6 1 14 12 10 14 14 12 1
14 14 8 14 3 14 14 5 0 0 14 0 4 0 7 14 0 14 7 14 0 7 14 0 12 14 6 14 6 14 0 14 14 14 14 14 14 14 6 14 14 14 14 14 14 14 14 14 6 6 6 14 14 6 6 6 1 14 12 10 14 14 12 1
14 14 8 14 3 14 14 5 0 0 14 0 4 0 7 14 0 14 7 14 0 7 14 0 12 14 6 14 6 14 0 14 14 14 14 14 14 14 6 14 14 14 14 14 14 14 14 14 6 6 6 14 14 6 6 6 1 14 12 10 14 14 12 1
14 14 8 14 3 14 14 5 0 0 14 0 4 0 7 14 0 14 7 14 0 7 14 0 12 14 6 14 6 14 0 14 14 14 14 14 14 14 6 14 14 14 14 14 14 14 14 14 6 6 6 14 14 6 6 6 1 14 12 10 14 14 12 1
14 14 8 14 3 14 14 5 0 0 14 0 4 0 7 14 0 14 7 14 0 7 14 0 12 14 6 14 6 14 0 14 14 14 14 14 14 14 6 14 14 14 14 14 14 14 14 14 6 6 6 14 14 6 6 6 1 14 12 10 14 14 12 1
14 14 8 14 3 14 14 5 0 0 14 0 4 0 7 14 0 14 7 14 0 7 14 0 12 14 6 14 6 14 0 14 14 14 14 14 14 14 6 14 14 14 14 14 14 14 14 14 6 6 6 14 14 6 6 6 1 14 12 10 14 14 12 1
14 14 8 14 3 14 14 5 0 0 14 0 4 0 7 14 0 14 7 14 0 7 14 0 12 14 6 14 6 14 0 14 14 14 14 14 14 14 6 14 14 14 14 14 14 14 14 14 6 6 6 14 14 6 6 6 1 14 12 10 14 14 12 1
14 14 8 14 3 14 14 5 0 0 14 0 4 0 7 14 0 14 7 14 0 7 14 0 12 14 6 14 6 14 0 14 14 14 14 14 14 14 6 14 14 14 14 14 14 14 14 14 6 6 6 14 14 6 6 6 1 14 12 10 14 14 12 1
14 14 8 14 3 14 14 5 0 0 14 0 4 0 7 14 0 14 7 14 0 7 14 0 12 14 6 14 6 14 0 14 14 14 14 14 14 14 6 14 14 14 14 14 14 14 14 14 6 6 6 14 14 6 6 6 1 14 12 10 14 14 12 1
14 14 8 14 3 14 14 5 0 0 14 0 4 0 7 14 0 14 7 14 0 7 14 0 12 14 6 14 6 14 0 14 14 14 14 14 14 14 6 14 14 14 14 14 14 14 14 14 6 6 6 14 14 6 6 6 1 14 12 10 14 14 12 1
14 14 8 14 3 14 14 5 0 0 14 0 4 0 0 14 10 14 7 14 0 7 14 0 14 14 6 14 6 14 0 14 14 14 14 14 14 14 6 14 14 14 14 14 14 14 14 14 6 6 6 14 14 6 6 6 1 14 14 10 14 14 12 1
14 14 8 14 3 14 14 5 0 0 14 0 4 0 0 14 10 14 7 14 0 7 14 0 14 14 6 14 6 14 0 14 14 14 14 14 14 14 6 14 14 14 14 14 14 14 14 14 6 6 6 14 14 6 6 6 1 14 14 10 14 14 12 1
14 14 8 14 3 14 14 5 0 0 14 0 4 0 0 14 10 14 7 14 0 7 14 0 14 14 6 14 6 14 0 14 14 14 14 14 14 14 6 14 14 14 14 14 14 14 14 14 6 6 6 14 14 6 6 6 1 14 14 10 14 14 12 1
14 14 8 14 3 14 14 5 0 0 14 0 4 0 0 14 10 14 7 14 0 7 14 0 14 14 6 14 6 14 0 14 14 14 14 14 14 14 6 14 14 14 14 14 14 14 14 14 6 6 6 14 14 6 6 6 1 14 14 10 14 14 12 1
14 14 8 14 3 14 14 5 0 0 14 0 4 0 0 14 10 14 7 14 0 7 14 0 14 14 6 14 6 14 0 14 14 14 14 14 14 14 6 14 14 14 14 14 14 14 14 14 6 6 6 14 14 6 6 6 1 14 14 10 14 14 12 1
14 14 8 14 3 14 14 5 0 0 14 0 4 0 0 14 10 14 7 14 0 7 14 0 14 14 6 14 6 14 0 14 14 14 14 14 14 14 6 14 14 14 14 14 14 14 14 14 6 6 6 14 14 6 6 6 1 14 14 10 14 14 12 1
14 14 8 14 3 14 14 5 0 0 14 0 4 0 0 14 10 14 7 14 0 7 14 0 14 14 6 14 6 14 0 14 14 14 14 14 14 14 6 14 14 14 14 14 14 14 14 14 6 6 6 14 14 6 6 6 1 14 14 10 14 14 12 1
14 14 8 14 3 14 14 5 0 0 14 0 4 0 0 14 10 14 7 14 0 7 14 0 14 14 6 14 6 14 0 14 14 14 14 14 14 14 6 14 14 14 14 14 14 14 14 14 6 6 6 14 14 6 6 6 1 14 14 10 14 14 12 1
14 14 8 14 3 14 14 5 0 0 14 0 4 0 0 14 10 14 7 14 0 7 14 0 14 14 6 14 6 14 0 14 14 14 14 14 14 14 6 14 14 14 14 14 14 14 14 14 6 6 6 14 14 6 6 6 1 14 14 10 14 14 12 1
14 14 8 14 3 14 14 5 0 0 14 0 4 0 0 14 10 14 7 14 0 7 14 0 14 14 6 14 6 14 0 14 14 14 14 14 14 14 6 14 14 14 14 14 14 14 14 14 6 6 6 14 14 6 6 6 1 14 14 10 14 14 12 1
14 14 4 14 3 14 14 5 0 0 14 0 4 0 7 14 12 14 7 14 0 14 14 0 14 14 6 14 6 14 0 14 14 14 14 14 7 14 14 14 14 14 14 14 14 14 14 14 6 6 6 14 14 6 6 6 1 14 2 10 14 14 12 1
14 14 4 14 3 14 14 5 0 0 14 0 4 0 7 14 12 14 7 14 0 14 14 0 14 14 6 14 6 14 0 14 14 14 14 14 7 14 14 14 14 14 14 14 14 14 14 14 6 6 6 14 14 6 6 6 1 14 2 10 14 14 12 1
14 14 4 14 3 14 14 5 0 0 14 0 4 0 7 14 12 14 7 14 0 14 14 0 14 14 6 14 6 14 0 14 14 14 14 14 7 14 14 14 14 14 14 14 14 14 14 14 6 6 6 14 14 6 6 6 1 14 2 10 14 14 12 1
14 14 4 14 3 14 14 5 0 0 14 0 4 0 7 14 12 14 7 14 0 14 14 0 14 14 6 14 6 14 0 14 14 14 14 14 7 14 14 14 14 14 14 14 14 14 14 14 6 6 6 14 14 6 6 6 1 14 2 10 14 14 12 1
14 14 4 14 3 14 14 5 0 0 14 0 4 0 7 14 12 14 7 14 0 14 14 0 14 14 6 14 6 14 0 14 14 14 14 14 7 14 14 14 14 14 14 14 14 14 14 14 6 6 6 14 14 6 6 6 1 14 2 10 14 14 12 1
14 14 4 14 3 14 14 5 0 0 14 0 4 0 7 14 12 14 7 14 0 14 14 0 14 14 6 14 6 14 0 14 14 14 14 14 7 14 14 14 14 14 14 14 14 14 14 14 6 6 6 14 14 6 6 6 1 14 2 10 14 14 12 1
14 14 4 14 3 14 14 5 0 0 14 0 4 0 7 14 12 14 7 14 0 14 14 0 14 14 6 14 6 14 0 14 14 14 14 14 7 14 14 14 14 14 14 14 14 14 14 14 6 6 6 14 14 6 6 6 1 14 2 10 14 14 12 1
14 14 4 14 3 14 14 5 0 0 14 0 4 0 7 14 12 14 7 14 0 14 14 0 14 14 6 14 6 14 0 14 14 14 14 14 7 14 14 14 14 14 14 14 14 14 14 14 6 6 6 14 14 6 6 6 1 14 2 10 14 14 12 1
14 14 4 14 3 14 14 5 0 0 14 0 4 0 7 14 12 14 7 14 0 14 14 0 14 14 6 14 6 14 0 14 14 14 14 14 7 14 14 14 14 14 14 14 14 14 14 14 6 6 6 14 14 6 6 6 1 14 2 10 14 14 12 1
14 14 4 14 3 14 14 5 0 0 14 0 4 0 7 14 12 14 7 14 0 14 14 0 14 14 6 14 6 14 0 14 14 14 14 14 7 14 14 14 14 14 14 14 14 14 14 14 6 6 6 14 14 6 6 6 1 14 2 10 14 14 12 1
14 14 4 14 3 14 14 5 0 0 14 0 4 0 7 14 12 14 7 14 0 14 14 0 14 14 6 14 6 14 0 14 14 14 14 14 7 14 14 14 14 14 14 14 14 14 14 14 6 6 6 14 14 6 6 6 1 14 2 10 14 14 12 1
14 14 4 14 3 14 14 5 0 0 14 0 4 0 7 14 12 14 7 14 0 14 14 0 14 14 6 14 6 14 0 14 14 14 14 14 7 14 14 14 14 14 14 14 14 14 14 14 6 6 6 14 14 6 6 6 1 14 2 10 14 14 12 1
14 14 4 14 3 14 14 5 0 0 14 0 4 0 7 14 12 14 7 14 0 14 14 0 14 14 6 14 6 14 0 14 14 14 14 14 7 14 14 14 14 14 14 14 14 14 14 14 6 6 6 14 14 6 6 6 1 14 2 10 14 14 12 1
14 14 8 14 3 14 14 5 0 0 14 0 4 0 7 14 10 14 7 14 0 14 14 0 14 14 6 14 6 14 0 14 14 14 14 14 7 14 14 14 14 14 14 14 6 14 14 14 6 6 6 14 14 6 6 6 1 14 14 10 14 14 12 1
14 14 8 14 3 14 14 5 0 0 14 0 4 0 7 14 10 14 7 14 0 14 14 0 14 14 6 14 6 14 0 14 14 14 14 14 7 14 14 14 14 14 14 14 6 14 14 14 6 6 6 14 14 6 6 6 1 14 14 10 14 14 12 1
14 14 8 14 3 14 14 5 0 0 14 0 4 0 7 14 10 14 7 14 0 14 14 0 14 14 6 14 6 14 0 14 14 14 14 14 7 14 14 14 14 14 14 14 6 14 14 14 6 6 6 14 14 6 6 6 1 14 14 10 14 14 12 1
14 14 8 14 3 14 14 5 0 0 14 0 4 0 7 14 10 14 7 14 0 14 14 0 14 14 6 14 6 14 0 14 14 14 14 14 7 14 14 14 14 14 14 14 6 14 14 14 6 6 6 14 14 6 6 6 1 14 14 10 14 14 12 1
14 14 8 14 3 14 14 5 0 0 14 0 4 0 7 14 10 14 7 14 0 14 14 0 14 14 6 14 6 14 0 14 14 14 14 14 7 14 14 14 14 14 14 14 6 14 14 14 6 6 6 14 14 6 6 6 1 14 14 10 14 14 12 1
14 14 8 14 3 14 14 5 0 0 14 0 4 0 7 14 10 14 7 14 0 14 14 0 14 14 6 14 6 14 0 14 14 14 14 14 7 14 14 14 14 14 14 14 6 14 14 14 6 6 6 14 14 6 6 6 1 14 14 10 14 14 12 1
14 14 8 14 3 14 14 5 0 0 14 0 4 0 7 14 10 14 7 14 0 14 14 0 14 14 6 14 6 14 0 14 14 14 14 14 7 14 14 14 14 14 14 14 6 14 14 14 6 6 6 14 14 6 6 6 1 14 14 10 14 14 12 1
14 14 8 14 3 14 14 5 0 0 14 0 4 0 7 14 10 14 7 14 0 14 14 0 14 14 6 14 6 14 0 14 14 14 14 14 7 14 14 14 14 14 14 14 6 14 14 14 6 6 6 14 14 6 6 6 1 14 14 10 14 14 12 1
14 14 8 14 3 14 14 5 0 0 14 0 4 0 7 14 10 14 7 14 0 14 14 0 14 14 6 14 6 14 0 14 14 14 14 14 7 14 14 14 14 14 14 14 6 14 14 14 6 6 6 14 14 6 6 6 1 14 14 10 14 14 12 1
14 14 8 14 3 14 14 5 0 0 14 0 4 0 7 14 10 14 7 14 0 14 14 0 14 14 6 14 6 14 0 14 14 14 14 14 7 14 14 14 14 14 14 14 6 14 14 14 6 6 6 14 14 6 6 6 1 14 14 10 14 14 12 1
14 14 8 14 3 14 14 5 0 0 14 0 4 0 7 14 10 14 7 14 0 14 14 0 14 14 6 14 6 14 0 14 14 14 14 14 7 14 14 14 14 14 14 14 6 14 14 14 6 6 6 14 14 6 6 6 1 14 14 10 14 14 12 1
14 14 14 14 3 14 14 5 14 0 14 0 4 0 7 14 8 14 7 14 0 14 14 0 14 14 6 14 6 14 0 14 14 14 14 14 7 14 14 14 14 14 14 14 1 14 14 14 6 6 6 14 14 6 6 6 1 14 14 10 14 14 12 1
14 14 14 14 3 14 14 5 14 0 14 0 4 0 7 14 8 14 7 14 0 14 14 0 14 14 6 14 6 14 0 14 14 14 14 14 7 14 14 14 14 14 14 14 1 14 14 14 6 6 6 14 14 6 6 6 1 14 14 10 14 14 12 1
14 14 14 14 3 14 14 5 14 0 14 0 4 0 7 14 8 14 7 14 0 14 14 0 14 14 6 14 6 14 0 14 14 14 14 14 7 14 14 14 14 14 14 14 1 14 14 14 6 6 6 14 14 6 6 6 1 14 14 10 14 14 12 1
14 14 14 14 3 14 14 5 14 0 14 0 4 0 7 14 8 14 7 14 0 14 14 0 14 14 6 14 6 14 0 14 14 14 14 14 7 14 14 14 14 14 14 14 1 14 14 14 6 6 6 14 14 6 6 6 1 14 14 10 14 14 12 1
14 14 14 14 3 14 14 5 14 0 14 0 4 0 7 14 8 14 7 14 0 14 14 0 14 14 6 14 6 14 0 14 14 14 14 14 7 14 14 14 14 14 14 14 1 14 14 14 6 6 6 14 14 6 6 6 1 14 14 10 14 14 12 1
14 14 14 14 3 14 14 5 14 0 14 0 4 0 7 14 8 14 7 14 0 14 14 0 14 14 6 14 6 14 0 14 14 14 14 14 7 14 14 14 14 14 14 14 1 14 14 14 6 6 6 14 14 6 6 6 1 14 14 10 14 14 12 1
14 14 14 14 3 14 14 5 14 0 14 0 4 0 7 14 8 14 7 14 0 14 14 0 14 14 6 14 6 14 0 14 14 14 14 14 7 14 14 14 14 14 14 14 1 14 14 14 6 6 6 14 14 6 6 6 1 14 14 10 14 14 12 1
14 14 14 14 3 14 14 5 14 0 14 0 4 0 7 14 8 14 7 14 0 14 14 0 14 14 6 14 6 14 0 14 14 14 14 14 7 14 14 14 14 14 14 14 1 14 14 14 6 6 6 14 14 6 6 6 1 14 14 10 14 14 12 1
14 14 14 14 3 14 14 5 14 0 14 0 4 0 7 14 8 14 7 14 0 14 14 0 14 14 6 14 6 14 0 14 14 14 14 14 7 14 14 14 14 14 14 14 1 14 14 14 6 6 6 14 14 6 6 6 1 14 14 10 14 14 12 1
14 14 14 14 3 14 14 5 14 0 14 0 4 0 7 14 8 14 7 14 0 14 14 0 14 14 6 14 6 14 0 14 14 14 14 14 7 14 14 14 14 14 14 14 1 14 14 14 6 6 6 14 14 6 6 6 1 14 14 10 14 14 12 1
14 14 14 14 3 14 14 5 14 0 14 0 4 0 7 14 8 14 7 14 0 14 14 0 14 14 6 14 6 14 0 14 14 14 14 14 7 14 14 14 14 14 14 14 1 14 14 14 6 6 6 14 14 6 6 6 1 14 14 10 14 14 12 1
14 14 14 14 3 14 14 5 14 0 14 0 4 0 7 14 8 14 7 14 0 14 14 0 14 14 6 14 6 14 0 14 14 14 14 14 7 14 14 14 14 14 14 14 1 14 14 14 6 6 6 14 14 6 6 6 1 14 14 10 14 14 12 1
14 14 14 14 3 14 14 5 14 0 14 0 3 0 7 14 8 14 7 14 0 14 14 0 14 14 6 14 6 14 0 14 14 14 14 14 7 14 14 14 14 14 14 14 6 6 14 14 6 6 6 14 14 14 6 6 1 14 14 14 14 14 12 1
14 14 14 14 3 14 14 5 14 0 14 0 3 0 7 14 8 14 7 14 0 14 14 0 14 14 6 14 6 14 0 14 14 14 14 14 7 14 14 14 14 14 14 14 6 6 14 14 6 6 6 14 14 14 6 6 1 14 14 14 14 14 12 1
14 14 14 14 3 14 14 5 14 0 14 0 3 0 7 14 8 14 7 14 0 14 14 0 14 14 6 14 6 14 0 14 14 14 14 14 7 14 14 14 14 14 14 14 6 6 14 14 6 6 6 14 14 14 6 6 1 14 14 14 14 14 12 1
14 14 14 14 3 14 14 5 14 0 14 0 3 0 7 14 8 14 7 14 0 14 14 0 14 14 6 14 6 14 0 14 14 14 14 14 7 14 14 14 14 14 14 14 6 6 14 14 6 6 6 14 14 14 6 6 1 14 14 14 14 14 12 1
14 14 14 14 3 14 14 5 14 0 14 0 3 0 7 14 8 14 7 14 0 14 14 0 14 14 6 14 6 14 0 14 14 14 14 14 7 14 14 14 14 14 14 14 6 6 14 14 6 6 6 14 14 14 6 6 1 14 14 14 14 14 12 1
14 14 14 14 3 14 14 5 14 0 14 0 3 0 7 14 8 14 7 14 0 14 14 0 14 14 6 14 6 14 0 14 14 14 14 14 7 14 14 14 14 14 14 14 6 6 14 14 6 6 6 14 14 14 6 6 1 14 14 14 14 14 12 1
14 14 14 14 3 14 14 5 14 0 14 0 3 0 7 14 8 14 7 14 0 14 14 0 14 14 6 14 6 14 0 14 14 14 14 14 7 14 14 14 14 14 14 14 6 6 14 14 6 6 6 14 14 14 6 6 1 14 14 14 14 14 12 1
14 14 14 14 3 14 14 5 14 0 14 0 3 0 7 14 8 14 7 14 0 14 14 0 14 14 6 14 6 14 0 14 14 14 14 14 7 14 14 14 14 14 14 14 6 6 14 14 6 6 6 14 14 14 6 6 1 14 14 14 14 14 12 1
14 14 14 14 3 14 14 5 14 0 14 0 3 0 7 14 8 14 7 14 0 14 14 0 14 14 6 14 6 14 0 14 14 14 14 14 7 14 14 14 14 14 14 14 6 6 14 14 6 6 6 14 14 14 6 6 1 14 14 14 14 14 12 1
14 14 14 14 3 14 14 5 14 0 14 0 3 0 7 14 8 14 7 14 0 14 14 0 14 14 6 14 6 14 0 14 14 14 14 14 7 14 14 14 14 14 14 14 6 6 14 14 6 6 6 14 14 14 6 6 1 14 14 14 14 14 12 1
14 14 14 14 3 14 14 5 14 0 14 0 3 0 7 14 8 14 7 14 0 14 14 0 14 14 6 14 6 14 0 14 14 14 14 14 7 14 14 14 14 14 14 14 6 6 14 14 6 6 6 14 14 14 6 6 1 14 14 14 14 14 12 1
14 14 14 14 3 14 14 5 14 0 14 0 3 0 7 14 8 14 7 14 0 14 14 0 14 14 6 14 6 14 0 14 14 14 14 14 7 14 14 14 14 14 14 14 6 6 14 14 6 6 6 14 14 14 6 6 1 14 14 14 14 14 12 1
14 14 8 14 3 14 14 5 14 0 14 14 3 0 7 14 8 14 7 0 0 14 14 0 14 14 6 14 6 14 0 14 14 14 14 14 7 14 14 14 14 14 14 14 1 6 14 14 6 6 6 14 14 14 6 6 1 14 14 10 14 14 12 1
14 14 8 14 3 14 14 5 14 0 14 14 3 0 7 14 8 14 7 0 0 14 14 0 14 14 6 14 6 14 0 14 14 14 14 14 7 14 14 14 14 14 14 14 1 6 14 14 6 6 6 14 14 14 6 6 1 14 14 10 14 14 12 1
14 14 8 14 3 14 14 5 14 0 14 14 3 0 7 14 8 14 7 0 0 14 14 0 14 14 6 14 6 14 0 14 14 14 14 14 7 14 14 14 14 14 14 14 1 6 14 14 6 6 6 14 14 14 6 6 1 14 14 10 14 14 12 1
14 14 8 14 3 14 14 5 14 0 14 14 3 0 7 14 8 14 7 0 0 14 14 0 14 14 6 14 6 14 0 14 14 14 14 14 7 14 14 14 14 14 14 14 1 6 14 14 6 6 6 14 14 14 6 6 1 14 14 10 14 14 12 1
14 14 8 14 3 14 14 5 14 0 14 14 3 0 7 14 8 14 7 0 0 14 14 0 14 14 6 14 6 14 0 14 14 14 14 14 7 14 14 14 14 14 14 14 1 6 14 14 6 6 6 14 14 14 6 6 1 14 14 10 14 14 12 1
14 14 8 14 3 14 14 5 14 0 14 14 3 0 7 14 8 14 7 0 0 14 14 0 14 14 6 14 6 14 0 14 14 14 14 14 7 14 14 14 14 14 14 14 1 6 14 14 6 6 6 14 14 14 6 6 1 14 14 10 14 14 12 1
14 14 8 14 3 14 14 5 14 0 14 14 3 0 7 14 8 14 7 0 0 14 14 0 14 14 6 14 6 14 0 14 14 14 14 14 7 14 14 14 14 14 14 14 1 6 14 14 6 6 6 14 14 14 6 6 1 14 14 10 14 14 12 1
14 14 8 14 3 14 14 5 14 0 14 14 3 0 7 14 8 14 7 0 0 14 14 0 14 14 6 14 6 14 0 14 14 14 14 14 7 14 14 14 14 14 14 14 1 6 14 14 6 6 6 14 14 14 6 6 1 14 14 10 14 14 12 1
14 14 8 14 3 14 14 5 14 0 14 14 3 0 7 14 8 14 7 0 0 14 14 0 14 14 6 14 6 14 0 14 14 14 14 14 7 14 14 14 14 14 14 14 1 6 14 14 6 6 6 14 14 14 6 6 1 14 14 10 14 14 12 1
14 14 8 14 3 14 14 5 14 0 14 14 3 0 7 14 8 14 7 0 0 14 14 0 14 14 6 14 6 14 0 14 14 14 14 14 7 14 14 14 14 14 14 14 1 6 14 14 6 6 6 14 14 14 6 6 1 14 14 10 14 14 12 1
14 14 8 14 3 14 14 5 14 0 14 14 3 0 7 14 8 14 7 0 0 14 14 0 14 14 6 14 6 14 0 14 14 14 14 14 7 14 14 14 14 14 14 14 1 6 14 14 6 6 6 14 14 14 6 6 1 14 14 10 14 14 12 1
14 14 4 14 3 14 14 5 14 0 14 14 3 0 7 14 8 14 7 0 0 14 14 0 14 14 6 14 6 14 0 14 14 14 14 14 6 14 14 14 14 14 14 14 2 14 14 14 6 1 6 14 14 14 6 6 1 14 14 14 14 14 12 1
14 14 4 14 3 14 14 5 14 0 14 14 3 0 7 14 8 14 7 0 0 14 14 0 14 14 6 14 6 14 0 14 14 14 14 14 6 14 14 14 14 14 14 14 2 14 14 14 6 1 6 14 14 14 6 6 1 14 14 14 14 14 12 1
14 14 4 14 3 14 14 5 14 0 14 14 3 0 7 14 8 14 7 0 0 14 14 0 14 14 6 14 6 14 0 14 14 14 14 14 6 14 14 14 14 14 14 14 2 14 14 14 6 1 6 14 14 14 6 6 1 14 14 14 14 14 12 1
14 14 4 14 3 14 14 5 14 0 14 14 3 0 7 14 8 14 7 0 0 14 14 0 14 14 6 14 6 14 0 14 14 14 14 14 6 14 14 14 14 14 14 14 2 14 14 14 6 1 6 14 14 14 6 6 1 14 14 14 14 14 12 1
14 14 4 14 3 14 14 5 14 0 14 14 3 0 7 14 8 14 7 0 0 14 14 0 14 14 6 14 6 14 0 14 14 14 14 14 6 14 14 14 14 14 14 14 2 14 14 14 6 1 6 14 14 14 6 6 1 14 14 14 14 14 12 1
14 14 4 14 3 14 14 5 14 0 14 14 3 0 7 14 8 14 7 0 0 14 14 0 14 14 6 14 6 14 0 14 14 14 14 14 6 14 14 14 14 14 14 14 2 14 14 14 6 1 6 14 14 14 6 6 1 14 14 14 14 14 12 1
14 14 4 14 3 14 14 5 14 0 14 14 3 0 7 14 8 14 7 0 0 14 14 0 14 14 6 14 6 14 0 14 14 14 14 14 6 14 14 14 14 14 14 14 2 14 14 14 6 1 6 14 14 14 6 6 1 14 14 14 14 14 12 1
14 14 4 14 3 14 14 5 14 0 14 14 3 0 7 14 8 14 7 0 0 14 14 0 14 14 6 14 6 14 0 14 14 14 14 14 6 14 14 14 14 14 14 14 2 14 14 14 6 1 6 14 14 14 6 6 1 14 14 14 14 14 12 1
14 14 14 14 3 14 14 5 14 0 14 8 3 0 7 14 8 14 7 0 0 14 14 0 14 14 6 14 6 14 0 14 14 14 14 14 6 14 14 14 14 14 14 14 2 14 14 14 6 6 6 14 14 14 6 6 1 14 14 10 14 14 12 1
14 14 14 14 3 14 14 5 14 0 14 8 3 0 7 14 8 14 7 0 0 14 14 0 14 14 6 14 6 14 0 14 14 14 14 14 6 14 14 14 14 14 14 14 2 14 14 14 6 6 6 14 14 14 6 6 1 14 14 10 14 14 12 1
14 14 14 14 3 14 14 5 14 0 14 8 3 0 7 14 8 14 7 0 0 14 14 0 14 14 6 14 6 14 0 14 14 14 14 14 6 14 14 14 14 14 14 14 2 14 14 14 6 6 6 14 14 14 6 6 1 14 14 10 14 14 12 1
14 14 14 14 3 14 14 5 14 0 14 8 3 0 7 14 8 14 7 0 0 14 14 0 14 14 6 14 6 14 0 14 14 14 14 14 6 14 14 14 14 14 14 14 2 14 14 14 6 6 6 14 14 14 6 6 1 14 14 10 14 14 12 1
14 14 14 14 3 14 14 5 14 0 14 8 3 0 7 14 8 14 7 0 0 14 14 0 14 14 6 14 6 14 0 14 14 14 14 14 6 14 14 14 14 14 14 14 2 14 14 14 6 6 6 14 14 14 6 6 1 14 14 10 14 14 12 1
14 14 14 14 3 14 14 5 14 0 14 8 3 0 7 14 8 14 7 0 0 14 14 0 14 14 6 14 6 14 0 14 14 14 14 14 6 14 14 14 14 14 14 14 2 14 14 14 6 6 6 14 14 14 6 6 1 14 14 10 14 14 12 1
14 14 14 14 3 14 14 5 14 0 14 8 3 0 7 14 8 14 7 0 0 14 14 0 14 14 6 14 6 14 0 14 14 14 14 14 6 14 14 14 14 14 14 14 2 14 14 14 6 6 6 14 14 14 6 6 1 14 14 10 14 14 12 1
14 14 14 14 3 14 14 5 14 0 14 8 3 0 7 14 8 14 7 0 0 14 14 0 14 14 6 14 6 14 0 14 14 14 14 14 6 14 14 14 14 14 14 14 2 14 14 14 6 6 6 14 14 14 6 6 1 14 14 10 14 14 12 1
14 14 14 14 3 14 14 5 14 0 14 8 3 0 7 14 8 14 7 0 0 14 14 0 14 14 6 14 6 14 0 14 14 14 14 14 6 14 14 14 14 14 14 14 2 14 14 14 6 6 6 14 14 14 6 6 1 14 14 10 14 14 12 1
14 14 14 14 3 14 14 5 14 0 14 8 3 0 7 14 8 14 7 0 0 14 14 0 14 14 6 14 6 14 0 14 14 14 14 14 6 14 14 14 14 14 14 14 2 14 14 14 6 6 6 14 14 14 6 6 1 14 14 10 14 14 12 1
14 14 14 14 3 14 14 5 14 0 14 8 4 0 7 14 8 14 7 0 0 14 14 0 14 14 6 14 6 14 0 14 14 14 14 14 6 14 6 14 14 14 14 14 2 12 14 14 6 6 6 14 14 14 6 6 1 14 14 14 14 14 14 1
14 14 14 14 3 14 14 5 14 0 14 8 4 0 7 14 8 14 7 0 0 14 14 0 14 14 6 14 6 14 0 14 14 14 14 14 6 14 6 14 14 14 14 14 2 12 14 14 6 6 6 14 14 14 6 6 1 14 14 14 14 14 14 1
14 14 14 14 3 14 14 5 14 0 14 8 4 0 7 14 8 14 7 0 0 14 14 0 14 14 6 14 6 14 0 14 14 14 14 14 6 14 6 14 14 14 14 14 2 12 14 14 6 6 6 14 14 14 6 6 1 14 14 14 14 14 14 1
14 14 14 14 3 14 14 5 14 0 14 8 4 0 7 14 8 14 7 0 0 14 14 0 14 14 6 14 6 14 0 14 14 14 14 14 6 14 6 14 14 14 14 14 2 12 14 14 6 6 6 14 14 14 6 6 1 14 14 14 14 14 14 1
14 14 14 14 3 14 14 5 14 0 14 8 4 0 7 14 8 14 7 0 0 14 14 0 14 14 6 14 6 14 0 14 14 14 14 14 6 14 6 14 14 14 14 14 2 12 14 14 6 6 6 14 14 14 6 6 1 14 14 14 14 14 14 1
14 14 14 14 3 14 14 5 14 0 14 8 4 0 7 14 8 14 7 0 0 14 14 0 14 14 6 14 6 14 0 14 14 14 14 14 6 14 6 14 14 14 14 14 2 12 14 14 6 6 6 14 14 14 6 6 1 14 14 14 14 14 14 1
14 14 14 14 3 14 14 5 14 0 14 8 4 0 7 14 8 14 7 0 0 14 14 0 14 14 6 14 6 14 0 14 14 14 14 14 6 14 6 14 14 14 14 14 2 12 14 14 6 6 6 14 14 14 6 6 1 14 14 14 14 14 14 1
14 14 14 14 3 14 14 5 14 0 14 8 4 0 7 14 8 14 7 0 0 14 14 0 14 14 6 14 6 14 0 14 14 14 14 14 6 14 6 14 14 14 14 14 2 12 14 14 6 6 6 14 14 14 6 6 1 14 14 14 14 14 14 1
14 14 14 14 3 14 14 5 14 0 14 8 4 0 7 14 8 14 7 0 0 14 14 0 14 14 6 14 6 14 0 14 14 14 14 14 6 14 6 14 14 14 14 14 2 12 14 14 6 6 6 14 14 14 6 6 1 14 14 14 14 14 14 1
14 14 14 14 3 14 14 5 14 0 14 8 3 0 7 14 8 14 14 0 0 14 14 0 14 14 6 14 6 14 0 14 14 14 14 7 6 14 14 14 14 14 14 14 2 12 14 14 6 6 6 14 14 14 6 6 1 14 14 10 14 14 14 1
14 14 14 14 3 14 14 5 14 0 14 8 3 0 7 14 8 14 14 0 0 14 14 0 14 14 6 14 6 14 0 14 14 14 14 7 6 14 14 14 14 14 14 14 2 12 14 14 6 6 6 14 14 14 6 6 1 14 14 10 14 14 14 1
14 14 14 14 3 14 14 5 14 0 14 8 3 0 7 14 8 14 14 0 0 14 14 0 14 14 6 14 6 14 0 14 14 14 14 7 6 14 14 14 14 14 14 14 2 12 14 14 6 6 6 14 14 14 6 6 1 14 14 10 14 14 14 1
14 14 14 14 3 14 14 5 14 0 14 8 3 0 7 14 8 14 14 0 0 14 14 0 14 14 6 14 6 14 0 14 14 14 14 7 6 14 14 14 14 14 14 14 2 12 14 14 6 6 6 14 14 14 6 6 1 14 14 10 14 14 14 1
14 14 14 14 3 14 14 5 14 0 14 8 3 0 7 14 8 14 14 0 0 14 14 0 14 14 6 14 6 14 0 14 14 14 14 7 6 14 14 14 14 14 14 14 2 12 14 14 6 6 6 14 14 14 6 6 1 14 14 10 14 14 14 1
14 14 14 14 3 14 14 5 14 0 14 8 3 0 7 14 8 14 14 0 0 14 14 0 14 14 6 14 6 14 0 14 14 14 14 7 6 14 14 14 14 14 14 14 2 12 14 14 6 6 6 14 14 14 6 6 1 14 14 10 14 14 14 1
14 14 14 14 3 14 14 5 14 0 14 8 3 0 7 14 8 14 14 0 0 14 14 0 14 14 6 14 6 14 0 14 14 14 14 7 6 14 14 14 14 14 14 14 2 12 14 14 6 6 6 14 14 14 6 6 1 14 14 10 14 14 14 1
14 14 14 14 3 14 14 5 14 0 14 8 3 0 7 14 8 14 14 0 0 14 14 0 14 14 6 14 6 14 0 14 14 14 14 7 6 14 14 14 14 14 14 14 2 12 14 14 6 6 6 14 14 14 6 6 1 14 14 10 14 14 14 1
14 14 14 14 3 14 14 5 14 0 14 8 3 0 7 14 8 14 14 0 0 14 14 0 14 14 6 14 6 14 0 14 14 14 14 7 6 14 14 14 14 14 14 14 2 12 14 14 6 6 6 14 14 14 6 6 1 14 14 10 14 14 14 1
14 14 14 14 3 14 14 5 14 0 14 8 3 0 7 14 8 14 14 0 0 14 14 0 14 14 6 14 6 14 0 14 14 14 14 7 6 14 14 14 14 14 14 14 2 12 14 14 6 6 6 14 14 14 6 6 1 14 14 10 14 14 14 1
14 14 14 14 3 14 14 5 14 0 14 8 4 0 7 14 8 14 14 0 0 14 14 0 14 14 6 14 6 14 0 14 14 14 14 2 6 14 6 14 14 14 14 14 14 12 14 14 14 6 6 14 14 14 6 6 14 14 3 10 14 14 14 1
14 14 14 14 3 14 14 5 14 0 14 8 4 0 7 14 8 14 14 0 0 14 14 0 14 14 6 14 6 14 0 14 14 14 14 2 6 14 6 14 14 14 14 14 14 12 14 14 14 6 6 14 14 14 6 6 14 14 3 10 14 14 14 1
14 14 14 14 3 14 14 5 14 0 14 8 4 0 7 14 8 14 14 0 0 14 14 0 14 14 6 14 6 14 0 14 14 14 14 2 6 14 6 14 14 14 14 14 14 12 14 14 14 6 6 14 14 14 6 6 14 14 3 10 14 14 14 1
14 14 14 14 3 14 14 5 14 0 14 8 4 0 7 14 8 14 14 0 0 14 14 0 14 14 6 14 6 14 0 14 14 14 14 2 6 14 6 14 14 14 14 14 14 12 14 14 14 6 6 14 14 14 6 6 14 14 3 10 14 14 14 1
14 14 14 14 3 14 14 5 14 0 14 8 4 0 7 14 8 14 14 0 0 14 14 0 14 14 6 14 6 14 0 14 14 14 14 2 6 14 6 14 14 14 14 14 14 12 14 14 14 6 6 14 14 14 6 6 14 14 3 10 14 14 14 1
14 14 14 14 3 14 14 5 14 0 14 8 4 0 7 14 8 14 14 0 0 14 14 0 14 14 6 14 6 14 0 14 14 14 14 2 6 14 6 14 14 14 14 14 14 12 14 14 14 6 6 14 14 14 6 6 14 14 3 10 14 14 14 1
14 14 14 14 3 14 14 5 14 0 14 8 4 0 7 14 8 14 14 0 0 14 14 0 14 14 6 14 6 14 0 14 14 14 14 2 6 14 6 14 14 14 14 14 14 12 14 14 14 6 6 14 14 14 6 6 14 14 3 10 14 14 14 1
14 14 14 14 3 14 14 5 14 0 14 8 4 0 7 14 8 14 14 0 0 14 14 0 14 14 6 14 6 14 0 14 14 14 14 2 6 14 6 14 14 14 14 14 14 12 14 14 14 6 6 14 14 14 6 6 14 14 3 10 14 14 14 1
14 14 14 14 3 14 14 5 14 0 14 8 4 0 7 14 8 14 14 0 0 14 14 0 14 14 6 14 6 14 0 14 14 14 14 2 6 14 6 14 14 14 14 14 14 12 14 14 14 6 6 14 14 14 6 6 14 14 3 10 14 14 14 1
14 14 14 14 3 14 14 5 14 0 14 8 4 0 7 14 8 14 14 0 0 14 14 0 14 14 6 14 6 14 0 14 14 14 14 2 6 14 6 14 14 14 14 14 14 12 14 14 14 6 6 14 14 14 6 6 14 14 3 10 14 14 14 1
14 14 14 14 3 14 14 5 14 0 14 14 3 0 7 14 7 14 14 0 0 14 14 0 14 14 6 14 6 14 0 14 8 14 14 2 6 14 6 14 14 14 14 14 14 12 14 14 6 6 6 14 14 14 6 6 1 14 14 10 14 14 14 1
14 14 14 14 3 14 14 5 14 0 14 14 3 0 7 14 7 14 14 0 0 14 14 0 14 14 6 14 6 14 0 14 8 14 14 2 6 14 6 14 14 14 14 14 14 12 14 14 6 6 6 14 14 14 6 6 1 14 14 10 14 14 14 1
14 14 14 14 3 14 14 5 14 0 14 14 3 0 7 14 7 14 14 0 0 14 14 0 14 14 6 14 6 14 0 14 8 14 14 2 6 14 6 14 14 14 14 14 14 12 14 14 6 6 6 14 14 14 6 6 1 14 14 10 14 14 14 1
14 14 14 14 3 14 14 5 14 0 14 14 3 0 7 14 7 14 14 0 0 14 14 0 14 14 6 14 6 14 0 14 8 14 14 2 6 14 6 14 14 14 14 14 14 12 14 14 6 6 6 14 14 14 6 6 1 14 14 10 14 14 14 1
14 14 14 14 3 14 14 5 14 0 14 14 3 0 7 14 7 14 14 0 0 14 14 0 14 14 6 14 6 14 0 14 8 14 14 2 6 14 6 14 14 14 14 14 14 12 14 14 6 6 6 14 14 14 6 6 1 14 14 10 14 14 14 1
14 14 14 14 3 14 14 5 14 0 14 14 3 0 7 14 7 14 14 0 0 14 14 0 14 14 6 14 6 14 0 14 8 14 14 2 6 14 6 14 14 14 14 14 14 12 14 14 6 6 6 14 14 14 6 6 1 14 14 10 14 14 14 1
14 14 14 14 3 14 14 5 14 0 14 14 3 0 7 14 7 14 14 0 0 14 14 0 14 14 6 14 6 14 0 14 8 14 14 2 6 14 6 14 14 14 14 14 14 12 14 14 6 6 6 14 14 14 6 6 1 14 14 10 14 14 14 1
14 14 14 14 3 14 14 5 14 0 14 14 3 0 0 14 8 14 14 0 0 14 14 0 14 14 6 14 6 14 0 14 8 14 14 2 6 14 6 14 14 6 14 14 14 12 14 14 6 14 6 14 14 14 6 6 14 14 14 10 14 14 14 1
14 14 14 14 3 14 14 5 14 0 14 14 3 0 0 14 8 14 14 0 0 14 14 0 14 14 6 14 6 14 0 14 8 14 14 2 6 14 6 14 14 6 14 14 14 12 14 14 6 14 6 14 14 14 6 6 14 14 14 10 14 14 14 1
14 14 14 14 3 14 14 5 14 0 14 14 3 0 0 14 8 14 14 0 0 14 14 0 14 14 6 14 6 14 0 14 8 14 14 2 6 14 6 14 14 6 14 14 14 12 14 14 6 14 6 14 14 14 6 6 14 14 14 10 14 14 14 1
14 14 14 14 3 14 14 5 14 0 14 14 3 0 0 14 8 14 14 0 0 14 14 0 14 14 6 14 6 14 0 14 8 14 14 2 6 14 6 14 14 6 14 14 14 12 14 14 6 14 6 14 14 14 6 6 14 14 14 10 14 14 14 1
14 14 14 14 3 14 14 5 14 0 14 14 3 0 0 14 8 14 14 0 0 14 14 0 14 14 6 14 6 14 0 14 8 14 14 2 6 14 6 14 14 6 14 14 14 12 14 14 6 14 6 14 14 14 6 6 14 14 14 10 14 14 14 1
14 14 14 14 3 14 14 5 14 0 14 14 3 0 0 14 8 14 14 0 0 14 14 0 14 14 6 14 6 14 0 14 8 14 14 2 6 14 6 14 14 6 14 14 14 12 14 14 6 14 6 14 14 14 6 6 14 14 14 10 14 14 14 1
14 14 14 14 3 14 14 5 14 0 14 14 3 0 0 14 8 14 14 0 0 14 14 0 14 14 6 14 6 14 0 14 8 14 14 2 6 14 6 14 14 6 14 14 14 12 14 14 6 14 6 14 14 14 6 6 14 14 14 10 14 14 14 1
14 14 14 14 3 14 14 5 14 0 14 14 3 0 0 14 8 14 14 0 0 14 14 0 14 14 6 14 6 14 0 14 8 14 14 2 6 14 6 14 14 6 14 14 14 12 14 14 6 14 6 14 14 14 6 6 14 14 14 10 14 14 14 1
14 14 14 14 3 14 14 5 14 0 14 14 3 0 0 14 8 14 14 0 0 14 14 0 14 14 6 14 6 14 0 14 8 14 14 2 6 14 6 14 14 6 14 14 14 12 14 14 6 14 6 14 14 14 6 6 14 14 14 10 14 14 14 1
14 14 14 14 3 14 14 5 14 0 14 14 3 0 0 14 8 14 14 0 0 14 14 0 14 14 6 14 6 14 0 14 8 14 14 2 6 14 6 14 14 6 14 14 14 12 14 14 6 14 6 14 14 14 6 6 14 14 14 10 14 14 14 1
14 14 14 14 3 14 14 5 14 0 14 14 3 0 0 14 8 14 14 0 0 14 14 0 14 14 6 14 6 14 0 14 8 14 14 2 6 14 6 14 14 6 14 14 14 12 14 14 6 14 6 14 14 14 6 6 14 14 14 10 14 14 14 1
14 14 14 14 3 14 14 5 14 0 14 14 3 0 0 14 8 14 14 0 0 14 14 0 14 14 6 14 6 14 0 14 8 14 14 2 6 14 6 14 14 6 14 14 14 12 14 14 6 14 6 14 14 14 6 6 14 14 14 10 14 14 14 1
14 14 14 14 3 14 14 5 14 0 14 14 3 0 0 14 8 14 14 0 0 14 14 0 14 14 6 14 6 14 0 14 8 14 14 2 6 14 6 14 14 6 14 14 14 12 14 14 6 14 6 14 14 14 6 6 14 14 14 10 14 14 14 1
14 14 14 14 3 14 14 5 14 0 14 14 3 0 0 14 8 14 14 0 0 14 14 0 14 14 6 14 6 14 0 14 8 14 14 2 6 14 6 14 14 6 14 14 14 12 14 14 6 14 6 14 14 14 6 6 14 14 14 10 14 14 14 1
14 14 14 14 3 14 14 5 14 0 14 14 14 0 7 14 14 14 14 0 0 7 14 0 14 14 6 14 6 14 0 14 8 14 14 2 6 14 6 14 14 6 14 14 14 12 14 14 6 14 6 14 14 14 6 6 1 14 14 10 14 14 14 1
14 14 14 14 3 14 14 5 14 0 14 14 14 0 7 14 14 14 14 0 0 7 14 0 14 14 6 14 6 14 0 14 8 14 14 2 6 14 6 14 14 6 14 14 14 12 14 14 6 14 6 14 14 14 6 6 1 14 14 10 14 14 14 1
14 14 14 14 3 14 14 5 14 0 14 14 14 0 7 14 14 14 14 0 0 7 14 0 14 14 6 14 6 14 0 14 8 14 14 2 6 14 6 14 14 6 14 14 14 12 14 14 6 14 6 14 14 14 6 6 1 14 14 10 14 14 14 1
14 14 14 14 3 14 14 5 14 0 14 14 14 0 7 14 14 14 14 0 0 7 14 0 14 14 6 14 6 14 0 14 8 14 14 2 6 14 6 14 14 6 14 14 14 12 14 14 6 14 6 14 14 14 6 6 1 14 14 10 14 14 14 1
14 14 14 14 3 14 14 5 14 0 14 14 14 0 7 14 14 14 14 0 0 7 14 0 14 14 6 14 6 14 0 14 8 14 14 2 6 14 6 14 14 6 14 14 14 12 14 14 6 14 6 14 14 14 6 6 1 14 14 10 14 14 14 1
14 14 14 14 3 14 14 5 14 0 14 14 14 0 7 14 14 14 14 0 0 7 14 0 14 14 6 14 6 14 0 14 8 14 14 2 6 14 6 14 14 6 14 14 14 12 14 14 6 14 6 14 14 14 6 6 1 14 14 10 14 14 14 1
14 14 14 14 3 14 14 5 14 0 14 14 14 0 7 14 14 14 14 0 0 7 14 0 14 14 6 14 6 14 0 14 8 14 14 2 6 14 6 14 14 6 14 14 14 12 14 14 6 14 6 14 14 14 6 6 1 14 14 10 14 14 14 1
14 14 14 14 3 14 14 5 14 0 14 14 14 0 7 14 14 14 14 0 0 7 14 0 14 14 6 14 6 14 0 14 8 14 14 2 6 14 6 14 14 6 14 14 14 12 14 14 6 14 6 14 14 14 6 6 1 14 14 10 14 14 14 1
14 14 14 14 3 14 14 5 14 0 14 14 14 0 7 14 14 14 14 0 0 7 14 0 14 14 6 14 6 14 0 14 8 14 14 2 6 14 6 14 14 6 14 14 14 12 14 14 6 14 6 14 14 14 6 6 1 14 14 10 14 14 14 1
14 14 14 14 3 14 14 5 14 0 14 14 14 0 7 14 8 14 14 0 0 7 14 0 14 14 6 14 6 14 0 14 6 14 14 2 6 14 6 14 14 14 14 14 14 12 14 14 6 14 6 14 14 14 6 6 1 14 14 10 14 14 14 1
14 14 14 14 3 14 14 5 14 0 14 14 14 0 7 14 8 14 14 0 0 7 14 0 14 14 6 14 6 14 0 14 6 14 14 2 6 14 6 14 14 14 14 14 14 12 14 14 6 14 6 14 14 14 6 6 1 14 14 10 14 14 14 1
14 14 14 14 3 14 14 5 14 0 14 14 14 0 7 14 8 14 14 0 0 7 14 0 14 14 6 14 6 14 0 14 6 14 14 2 6 14 6 14 14 14 14 14 14 12 14 14 6 14 6 14 14 14 6 6 1 14 14 10 14 14 14 1
14 14 14 14 3 14 14 5 14 0 14 14 14 0 7 14 8 14 14 0 0 7 14 0 14 14 6 14 6 14 0 14 6 14 14 2 6 14 6 14 14 14 14 14 14 12 14 14 6 14 6 14 14 14 6 6 1 14 14 10 14 14 14 1
14 14 14 14 3 14 14 5 14 0 14 14 14 0 7 14 8 14 14 0 0 7 14 0 14 14 6 14 6 14 0 14 6 14 14 2 6 14 6 14 14 14 14 14 14 12 14 14 6 14 6 14 14 14 6 6 1 14 14 10 14 14 14 1
14 14 14 14 3 14 14 5 14 0 14 14 14 0 7 14 8 14 14 0 0 7 14 0 14 14 6 14 6 14 0 14 6 14 14 2 6 14 6 14 14 14 14 14 14 12 14 14 6 14 6 14 14 14 6 6 1 14 14 10 14 14 14 1
14 14 14 14 3 14 14 5 14 0 14 14 14 0 7 14 8 14 14 0 0 7 14 0 14 14 6 14 6 14 0 14 6 14 14 2 6 14 6 14 14 14 14 14 14 12 14 14 6 14 6 14 14 14 6 6 1 14 14 10 14 14 14 1
14 14 14 14 3 14 14 5 14 0 14 14 14 0 7 14 8 14 14 0 0 7 14 0 14 14 6 14 6 14 0 14 6 14 14 2 6 14 6 14 14 14 14 14 14 12 14 14 6 14 6 14 14 14 6 6 1 14 14 10 14 14 14 1
14 14 14 14 3 14 14 5 14 0 14 14 14 0 7 14 8 14 14 0 0 7 14 0 14 14 6 14 6 14 0 14 6 14 14 2 6 14 6 14 14 14 14 14 14 12 14 14 6 14 6 14 14 14 6 6 1 14 14 10 14 14 14 1
14 14 14 14 3 14 14 5 14 0 14 14 14 0 7 14 8 14 14 0 0 7 14 0 14 14 6 14 6 14 0 14 6 14 14 2 6 14 6 14 14 14 14 14 14 12 14 14 6 14 6 14 14 14 6 6 1 14 14 10 14 14 14 1
14 14 14 14 3 14 14 5 14 0 14 14 14 0 7 14 8 14 14 0 0 7 14 0 14 14 6 14 6 14 0 14 6 14 14 2 6 14 6 14 14 14 14 14 14 12 14 14 6 14 6 14 14 14 6 6 1 14 14 10 14 14 14 1
14 14 14 14 3 14 14 5 14 0 14 14 14 0 7 14 8 14 14 0 0 7 14 0 14 14 6 14 6 14 0 14 6 14 14 2 6 14 6 14 14 14 14 14 14 12 14 14 6 14 6 14 14 14 6 6 1 14 14 10 14 14 14 1
14 14 14 14 3 14 14 5 14 0 14 14 14 0 7 14 8 14 14 0 0 7 14 0 14 14 6 14 6 14 0 14 6 14 14 2 6 14 6 14 14 14 14 14 14 12 14 14 6 14 6 14 14 14 6 6 1 14 14 10 14 14 14 1
14 14 14 14 3 14 14 5 14 0 14 14 14 0 7 14 8 14 14 0 0 7 14 0 14 14 6 14 6 14 0 14 6 14 14 2 6 14 6 14 14 14 14 14 14 12 14 14 6 14 6 14 14 14 6 6 1 14 14 10 14 14 14 1
14 14 14 14 3 14 14 5 14 0 14 14 14 0 0 14 8 14 14 0 0 7 14 14 14 14 6 14 6 14 0 14 6 14 14 2 6 14 14 0 14 14 14 14 14 12 14 14 6 14 6 14 14 14 6 6 1 14 14 10 14 14 14 1
14 14 14 14 3 14 14 5 14 0 14 14 14 0 0 14 8 14 14 0 0 7 14 14 14 14 6 14 6 14 0 14 6 14 14 2 6 14 14 0 14 14 14 14 14 12 14 14 6 14 6 14 14 14 6 6 1 14 14 10 14 14 14 1
14 14 14 14 3 14 14 5 14 0 14 14 14 0 0 14 8 14 14 0 0 7 14 14 14 14 6 14 6 14 0 14 6 14 14 2 6 14 14 0 14 14 14 14 14 12 14 14 6 14 6 14 14 14 6 6 1 14 14 10 14 14 14 1
14 14 14 14 3 14 14 5 14 0 14 14 14 0 0 14 8 14 14 0 0 7 14 14 14 14 6 14 6 14 0 14 6 14 14 2 6 14 14 0 14 14 14 14 14 12 14 14 6 14 6 14 14 14 6 6 1 14 14 10 14 14 14 1
14 14 14 14 3 14 14 5 14 0 14 14 14 0 0 14 8 14 14 0 0 7 14 14 14 14 6 14 6 14 0 14 6 14 14 2 6 14 14 0 14 14 14 14 14 12 14 14 6 14 6 14 14 14 6 6 1 14 14 10 14 14 14 1
14 14 14 14 3 14 14 5 14 0 14 14 14 0 0 14 8 14 14 0 0 7 14 14 14 14 6 14 6 14 0 14 6 14 14 2 6 14 14 0 14 14 14 14 14 12 14 14 6 14 6 14 14 14 6 6 1 14 14 10 14 14 14 1
14 14 14 14 3 14 14 5 14 0 14 14 14 0 0 14 8 14 14 0 0 7 14 14 14 14 6 14 6 14 0 14 6 14 14 2 6 14 14 0 14 14 14 14 14 12 14 14 6 14 6 14 14 14 6 6 1 14 14 10 14 14 14 1
14 14 14 14 3 14 14 5 14 0 14 14 14 0 0 14 8 14 14 0 0 7 14 14 14 14 6 14 6 14 0 14 6 14 14 2 6 14 14 0 14 14 14 14 14 12 14 14 6 14 6 14 14 14 6 6 1 14 14 10 14 14 14 1
14 14 14 14 3 14 14 5 14 0 14 14 14 0 7 14 8 14 14 0 0 7 14 14 14 14 6 14 6 14 0 14 6 14 14 2 6 14 6 0 14 14 14 14 14 12 6 14 6 14 6 14 14 14 14 6 1 14 14 10 14 14 14 1
14 14 14 14 3 14 14 5 14 0 14 14 14 0 7 14 8 14 14 0 0 7 14 14 14 14 6 14 6 14 0 14 6 14 14 2 6 14 6 0 14 14 14 14 14 12 6 14 6 14 6 14 14 14 14 6 1 14 14 10 14 14 14 1
14 14 14 14 3 14 14 5 14 0 14 14 14 0 7 14 8 14 14 0 0 7 14 14 14 14 6 14 6 14 0 14 6 14 14 2 6 14 6 0 14 14 14 14 14 12 6 14 6 14 6 14 14 14 14 6 1 14 14 10 14 14 14 1
14 14 14 14 3 14 14 5 14 0 14 14 14 0 7 14 8 14 14 0 0 7 14 14 14 14 6 14 6 14 0 14 6 14 14 2 6 14 6 0 14 14 14 14 14 12 6 14 6 14 6 14 14 14 14 6 1 14 14 10 14 14 14 1
14 14 14 14 3 14 14 5 14 0 14 14 14 0 7 14 8 14 14 0 0 7 14 14 14 14 6 14 6 14 0 14 6 14 14 2 6 14 6 0 14 14 14 14 14 12 6 14 6 14 6 14 14 14 14 6 1 14 14 10 14 14 14 1
14 14 14 14 3 14 14 5 14 0 14 14 14 0 7 14 8 14 14 0 0 7 14 14 14 14 6 14 6 14 0 14 6 14 14 2 6 14 6 0 14 14 14 14 14 12 6 14 6 14 6 14 14 14 14 6 1 14 14 10 14 14 14 1
14 14 14 14 3 14 14 5 14 0 14 14 14 0 7 14 8 14 14 0 0 7 14 14 14 14 6 14 6 14 0 14 6 14 14 2 6 14 6 0 14 14 14 14 14 12 6 14 6 14 6 14 14 14 14 6 1 14 14 10 14 14 14 1
14 14 14 14 3 14 14 5 14 0 14 14 14 0 7 14 8 14 14 0 0 7 14 14 14 14 6 14 6 14 0 14 6 14 14 2 6 14 6 0 14 14 14 14 14 12 6 14 6 14 6 14 14 14 14 6 1 14 14 10 14 14 14 1
14 14 14 14 3 14 14 5 14 0 14 14 14 0 7 14 8 14 14 0 0 7 14 14 14 14 6 14 6 14 0 14 6 14 14 2 6 14 6 0 14 14 14 14 14 12 6 14 6 14 6 14 14 14 14 6 1 14 14 10 14 14 14 1
14 14 3 14 14 14 14 5 14 0 14 14 14 0 7 14 8 14 14 0 0 4 14 14 14 14 6 14 6 14 0 14 6 14 14 2 6 14 6 0 14 14 14 14 14 12 6 14 6 14 6 14 14 14 14 6 1 14 14 10 14 14 14 1
14 14 3 14 14 14 14 5 14 0 14 14 14 0 7 14 8 14 14 0 0 4 14 14 14 14 6 14 6 14 0 14 6 14 14 2 6 14 6 0 14 14 14 14 14 12 6 14 6 14 6 14 14 14 14 6 1 14 14 10 14 14 14 1
14 14 3 14 14 14 14 5 14 0 14 14 14 0 7 14 8 14 14 0 0 4 14 14 14 14 6 14 6 14 0 14 6 14 14 2 6 14 6 0 14 14 14 14 14 12 6 14 6 14 6 14 14 14 14 6 1 14 14 10 14 14 14 1
14 14 3 14 14 14 14 5 14 0 14 14 14 0 7 14 8 14 14 0 0 4 14 14 14 14 6 14 6 14 0 14 6 14 14 2 6 14 6 0 14 14 14 14 14 12 6 14 6 14 6 14 14 14 14 6 1 14 14 10 14 14 14 1
14 14 3 14 14 14 14 5 14 0 14 14 14 0 7 14 8 14 14 0 0 4 14 14 14 14 6 14 6 14 0 14 6 14 14 2 6 14 6 0 14 14 14 14 14 12 6 14 6 14 6 14 14 14 14 6 1 14 14 10 14 14 14 1
14 14 3 14 14 14 14 5 14 0 14 14 14 0 7 14 8 14 14 0 0 4 14 14 14 14 6 14 6 14 0 14 6 14 14 2 6 14 6 0 14 14 14 14 14 12 6 14 6 14 6 14 14 14 14 6 1 14 14 10 14 14 14 1
14 14 3 14 14 14 14 5 14 0 14 14 14 0 7 14 8 14 14 0 0 4 14 14 14 14 6 14 6 14 0 14 6 14 14 2 6 14 6 0 14 14 14 14 14 12 6 14 6 14 6 14 14 14 14 6 1 14 14 10 14 14 14 1
14 14 3 14 14 14 14 5 14 0 14 14 14 0 7 14 8 14 14 0 0 4 14 14 14 14 6 14 6 14 0 14 6 14 14 2 6 14 6 0 14 14 14 14 14 12 6 14 6 14 6 14 14 14 14 6 1 14 14 10 14 14 14 1
14 14 3 14 14 14 14 5 14 0 14 14 14 0 7 14 8 14 14 0 0 4 14 14 14 14 6 14 6 14 0 14 6 14 14 2 6 14 6 0 14 14 14 14 14 12 6 14 6 14 6 14 14 14 14 6 1 14 14 10 14 14 14 1
14 14 3 14 14 14 14 5 14 0 14 14 14 0 7 14 8 14 14 0 0 7 14 14 14 14 6 14 6 14 0 14 6 14 14 2 6 14 6 0 14 14 14 14 14 12 6 6 6 14 6 14 14 14 14 14 1 14 14 10 14 14 14 1
14 14 3 14 14 14 14 5 14 0 14 14 14 0 7 14 8 14 14 0 0 7 14 14 14 14 6 14 6 14 0 14 6 14 14 2 6 14 6 0 14 14 14 14 14 12 6 6 6 14 6 14 14 14 14 14 1 14 14 10 14 14 14 1
14 14 3 14 14 14 14 5 14 0 14 14 14 0 7 14 8 14 14 0 0 7 14 14 14 14 6 14 6 14 0 14 6 14 14 2 6 14 6 0 14 14 14 14 14 12 6 6 6 14 6 14 14 14 14 14 1 14 14 10 14 14 14 1
14 14 3 14 14 14 14 5 14 0 14 14 14 0 7 14 8 14 14 0 0 7 14 14 14 14 6 14 6 14 0 14 6 14 14 2 6 14 6 0 14 14 14 14 14 12 6 6 6 14 6 14 14 14 14 14 1 14 14 10 14 14 14 1
14 14 3 14 14 14 14 5 14 0 14 14 14 0 7 14 8 14 14 0 0 7 14 14 14 14 6 14 6 14 0 14 6 14 14 2 6 14 6 0 14 14 14 14 14 12 6 6 6 14 6 14 14 14 14 14 1 14 14 10 14 14 14 1
14 14 3 14 14 14 14 5 14 0 14 14 14 0 7 14 8 14 14 0 0 7 14 14 14 14 6 14 6 14 0 14 6 14 14 2 6 14 6 0 14 14 14 14 14 12 6 6 6 14 6 14 14 14 14 14 1 14 14 10 14 14 14 1
14 14 3 14 14 14 14 5 14 0 14 14 14 0 7 14 8 14 14 0 0 7 14 14 14 14 6 14 6 14 0 14 6 14 14 2 6 14 6 0 14 14 14 14 14 12 6 6 6 14 6 14 14 14 14 14 1 14 14 10 14 14 14 1
14 14 3 14 14 14 14 5 14 0 14 14 14 0 7 14 8 14 14 0 0 7 14 14 14 14 6 14 6 14 0 14 6 14 14 2 6 14 6 0 14 14 14 14 14 12 6 6 6 14 6 14 14 14 14 14 1 14 14 10 14 14 14 1
14 14 3 14 14 14 14 5 14 0 14 14 14 0 7 14 8 14 14 0 0 7 14 14 14 14 6 14 6 14 0 14 6 14 14 2 6 14 6 0 14 14 14 14 14 12 6 6 6 14 6 14 14 14 14 14 1 14 14 10 14 14 14 1
14 14 3 14 14 14 14 5 14 0 14 14 14 0 7 14 8 14 14 0 0 7 14 14 14 14 6 14 6 14 0 14 6 14 14 2 6 14 6 0 14 14 14 14 14 12 6 6 6 14 6 14 14 14 14 14 1 14 14 10 14 14 14 1
14 14 3 14 14 14 14 5 14 0 14 14 14 0 7 14 8 14 14 0 0 7 14 14 14 14 6 14 6 14 0 14 6 14 14 2 6 14 6 0 14 14 14 14 14 12 6 6 6 14 6 14 14 14 14 14 1 14 14 10 14 14 14 1
14 14 3 14 14 14 14 5 14 0 14 14 14 0 7 14 8 14 14 0 0 7 14 14 14 14 6 14 6 14 0 14 6 14 14 2 6 14 6 0 14 14 14 14 14 12 6 6 6 14 6 14 14 14 14 14 1 14 14 10 14 14 14 1
14 14 3 14 14 14 14 5 14 0 14 14 14 0 7 14 8 14 14 0 0 7 14 14 14 14 6 14 6 14 0 14 6 14 14 2 6 14 6 0 14 14 14 14 14 12 6 6 6 14 6 14 14 14 14 14 1 14 14 10 14 14 14 1
14 14 14 14 14 14 14 5 14 0 14 14 14 0 7 14 8 14 14 0 0 4 14 14 14 14 7 14 6 14 0 14 6 14 14 2 6 14 6 0 14 14 14 14 14 12 6 6 6 14 6 14 14 14 14 14 1 14 14 10 14 14 14 1
14 14 14 14 14 14 14 5 14 0 14 14 14 0 7 14 8 14 14 0 0 4 14 14 14 14 7 14 6 14 0 14 6 14 14 2 6 14 6 0 14 14 14 14 14 12 6 6 6 14 6 14 14 14 14 14 1 14 14 10 14 14 14 1
14 14 14 14 14 14 14 5 14 0 14 14 14 0 7 14 8 14 14 0 0 4 14 14 14 14 7 14 6 14 0 14 6 14 14 2 6 14 6 0 14 14 14 14 14 12 6 6 6 14 6 14 14 14 14 14 1 14 14 10 14 14 14 1
14 14 14 14 14 14 14 5 14 0 14 14 14 0 7 14 8 14 14 0 0 4 14 14 14 14 7 14 6 14 0 14 6 14 14 2 6 14 6 0 14 14 14 14 14 12 6 6 6 14 6 14 14 14 14 14 1 14 14 10 14 14 14 1
14 14 14 14 14 14 14 5 14 0 14 14 14 0 7 14 8 14 14 0 0 4 14 14 14 14 7 14 6 14 0 14 6 14 14 2 6 14 6 0 14 14 14 14 14 12 6 6 6 14 6 14 14 14 14 14 1 14 14 10 14 14 14 1
14 14 14 14 14 14 14 5 14 0 14 14 14 0 7 14 8 14 14 0 0 4 14 14 14 14 7 14 6 14 0 14 6 14 14 2 6 14 6 0 14 14 14 14 14 12 6 6 6 14 6 14 14 14 14 14 1 14 14 10 14 14 14 1
14 14 14 14 14 14 14 5 14 0 14 14 14 0 7 14 8 14 14 0 0 4 14 14 14 14 7 14 6 14 0 14 6 14 14 2 6 14 6 0 14 14 14 14 14 12 6 6 6 14 6 14 14 14 14 14 1 14 14 10 14 14 14 1
14 14 14 14 14 14 14 5 14 0 14 14 14 0 7 14 8 14 14 0 0 4 14 14 14 14 7 14 6 14 0 14 6 14 14 2 6 14 6 0 14 14 14 14 14 12 6 6 6 14 6 14 14 14 14 14 1 14 14 10 14 14 14 1
14 14 14 14 14 14 14 5 14 0 14 14 14 0 7 14 8 14 14 0 0 4 14 14 14 14 7 14 6 14 0 14 6 14 14 2 6 14 6 0 14 14 14 14 14 12 6 6 6 14 6 14 14 14 14 14 1 14 14 10 14 14 14 1
14 14 14 14 14 14 14 5 14 0 14 14 14 0 7 14 8 14 14 0 0 4 14 14 14 14 7 14 6 14 0 14 6 14 14 2 6 14 6 0 14 14 14 14 14 12 6 6 6 14 6 14 14 14 14 14 1 14 14 10 14 14 14 1
14 14 14 14 14 14 14 5 14 0 14 14 14 0 7 14 8 14 14 0 0 4 14 14 14 14 7 14 6 14 0 14 6 14 14 2 6 14 6 0 14 14 14 14 14 12 6 6 6 14 6 14 14 14 14 14 1 14 14 10 14 14 14 1
14 14 14 14 14 14 14 5 14 0 14 14 14 0 7 14 8 14 14 0 0 4 14 14 14 14 7 14 6 14 0 14 6 14 14 2 6 14 6 0 14 14 14 14 14 12 6 6 6 14 6 14 14 14 14 14 1 14 14 10 14 14 14 1
14 14 14 14 14 14 14 5 14 0 14 14 14 0 7 14 8 14 14 0 0 4 14 14 14 14 7 14 6 14 0 14 6 14 14 2 6 14 6 0 14 14 14 14 14 12 6 6 6 14 6 14 14 14 14 14 1 14 14 10 14 14 14 1
14 14 14 14 14 14 14 5 14 0 14 14 14 0 0 14 8 14 14 0 0 7 14 14 14 14 2 14 6 14 0 14 6 14 14 14 6 14 6 0 14 14 14 14 14 12 6 6 6 14 6 14 14 14 14 14 1 14 14 10 14 14 14 1
14 14 14 14 14 14 14 5 14 0 14 14 14 0 0 14 8 14 14 0 0 7 14 14 14 14 2 14 6 14 0 14 6 14 14 14 6 14 6 0 14 14 14 14 14 12 6 6 6 14 6 14 14 14 14 14 1 14 14 10 14 14 14 1
14 14 14 14 14 14 14 5 14 0 14 14 14 0 0 14 8 14 14 0 0 7 14 14 14 14 2 14 6 14 0 14 6 14 14 14 6 14 6 0 14 14 14 14 14 12 6 6 6 14 6 14 14 14 14 14 1 14 14 10 14 14 14 1
14 14 14 14 14 14 14 5 14 0 14 14 14 0 0 14 8 14 14 0 0 7 14 14 14 14 2 14 6 14 0 14 6 14 14 14 6 14 6 0 14 14 14 14 14 12 6 6 6 14 6 14 14 14 14 14 1 14 14 10 14 14 14 1
14 14 14 14 14 14 14 5 14 0 14 14 14 0 0 14 8 14 14 0 0 7 14 14 14 14 2 14 6 14 0 14 6 14 14 14 6 14 6 0 14 14 14 14 14 12 6 6 6 14 6 14 14 14 14 14 1 14 14 10 14 14 14 1
14 14 14 14 14 14 14 5 14 0 14 14 14 0 0 14 8 14 14 0 0 7 14 14 14 14 2 14 6 14 0 14 6 14 14 14 6 14 6 0 14 14 14 14 14 12 6 6 6 14 6 14 14 14 14 14 1 14 14 10 14 14 14 1
14 14 14 14 14 14 14 5 14 0 14 14 14 0 0 14 8 14 14 0 0 7 14 14 14 14 2 14 6 14 0 14 6 14 14 14 6 14 6 0 14 14 14 14 14 12 6 6 6 14 6 14 14 14 14 14 1 14 14 10 14 14 14 1
14 14 14 14 14 14 14 5 14 0 14 14 14 0 0 14 8 14 14 0 0 7 14 14 14 14 2 14 6 14 0 14 6 14 14 14 6 14 6 0 14 14 14 14 14 12 6 6 6 14 6 14 14 14 14 14 1 14 14 10 14 14 14 1
14 14 14 14 14 14 14 5 14 0 14 14 14 0 0 14 8 14 14 0 0 7 14 14 14 14 2 14 6 14 0 14 6 14 14 14 6 14 6 0 14 14 14 14 14 12 6 6 6 14 6 14 14 14 14 14 1 14 14 10 14 14 14 1
14 14 14 14 14 14 14 5 14 0 14 14 4 0 7 14 8 14 14 0 0 14 14 14 14 14 2 14 6 14 0 14 6 14 14 14 6 14 1 0 14 14 14 14 14 12 6 6 6 14 6 14 14 14 14 14 1 14 14 10 14 14 14 1
14 14 14 14 14 14 14 5 14 0 14 14 4 0 7 14 8 14 14 0 0 14 14 14 14 14 2 14 6 14 0 14 6 14 14 14 6 14 1 0 14 14 14 14 14 12 6 6 6 14 6 14 14 14 14 14 1 14 14 10 14 14 14 1
14 14 14 14 14 14 14 5 14 0 14 14 4 0 7 14 8 14 14 0 0 14 14 14 14 14 2 14 6 14 0 14 6 14 14 14 6 14 1 0 14 14 14 14 14 12 6 6 6 14 6 14 14 14 14 14 1 14 14 10 14 14 14 1
14 14 14 14 14 14 14 5 14 0 14 14 4 0 7 14 8 14 14 0 0 14 14 14 14 14 2 14 6 14 0 14 6 14 14 14 6 14 1 0 14 14 14 14 14 12 6 6 6 14 6 14 14 14 14 14 1 14 14 10 14 14 14 1
14 14 14 14 14 14 14 5 14 0 14 14 4 0 7 14 8 14 14 0 0 14 14 14 14 14 2 14 6 14 0 14 6 14 14 14 6 14 1 0 14 14 14 14 14 12 6 6 6 14 6 14 14 14 14 14 1 14 14 10 14 14 14 1
14 14 14 14 14 14 14 5 14 0 14 14 4 0 7 14 8 14 14 0 0 14 14 14 14 14 2 14 6 14 0 14 6 14 14 14 6 14 1 0 14 14 14 14 14 12 6 6 6 14 6 14 14 14 14 14 1 14 14 10 14 14 14 1
14 14 14 14 14 14 14 5 14 0 14 14 4 0 7 14 8 14 14 0 0 14 14 14 14 14 2 14 6 14 0 14 6 14 14 14 6 14 1 0 14 14 14 14 14 12 6 6 6 14 6 14 14 14 14 14 1 14 14 10 14 14 14 1
14 14 14 14 14 14 14 5 14 0 14 14 4 0 7 14 8 14 14 0 0 14 14 14 14 14 2 14 6 14 0 14 6 14 14 14 6 14 1 0 14 14 14 14 14 12 6 6 6 14 6 14 14 14 14 14 1 14 14 10 14 14 14 1
14 14 14 14 14 14 14 5 14 0 14 14 4 0 7 14 8 14 14 0 0 14 14 14 14 14 2 14 6 14 0 14 6 14 14 14 6 14 1 0 14 14 14 14 14 12 6 6 6 14 6 14 14 14 14 14 1 14 14 10 14 14 14 1
14 14 14 14 14 14 14 5 14 0 14 14 4 0 7 14 8 14 14 0 0 14 14 14 14 14 2 14 6 14 0 14 6 14 6 14 6 14 1 0 14 14 14 14 14 12 6 6 14 14 14 14 14 14 14 14 14 14 14 10 14 14 14 1
14 14 14 14 14 14 14 5 14 0 14 14 4 0 7 14 8 14 14 0 0 14 14 14 14 14 2 14 6 14 0 14 6 14 6 14 6 14 1 0 14 14 14 14 14 12 6 6 14 14 14 14 14 14 14 14 14 14 14 10 14 14 14 1
14 14 14 14 14 14 14 5 14 0 14 14 4 0 7 14 8 14 14 0 0 14 14 14 14 14 2 14 6 14 0 14 6 14 6 14 6 14 1 0 14 14 14 14 14 12 6 6 14 14 14 14 14 14 14 14 14 14 14 10 14 14 14 1
14 14 14 14 14 14 14 5 14 0 14 14 4 0 7 14 8 14 14 0 0 14 14 14 14 14 2 14 6 14 0 14 6 14 6 14 6 14 1 0 14 14 14 14 14 12 6 6 14 14 14 14 14 14 14 14 14 14 14 10 14 14 14 1
14 14 14 14 14 14 14 5 14 0 14 14 4 0 7 14 8 14 14 0 0 14 14 14 14 14 2 14 6 14 0 14 6 14 6 14 6 14 1 0 14 14 14 14 14 12 6 6 14 14 14 14 14 14 14 14 14 14 14 10 14 14 14 1
14 14 14 14 14 14 14 5 14 0 14 14 4 0 7 14 8 14 14 0 0 14 14 14 14 14 2 14 6 14 0 14 6 14 6 14 6 14 1 0 14 14 14 14 14 12 6 6 14 14 14 14 14 14 14 14 14 14 14 10 14 14 14 1
14 14 14 14 14 14 14 5 14 0 14 14 4 0 7 14 8 14 14 0 0 14 14 14 14 14 2 14 6 14 0 14 6 14 6 14 6 14 1 0 14 14 14 14 14 12 6 6 14 14 14 14 14 14 14 14 14 14 14 10 14 14 14 1
14 14 14 14 14 14 14 5 14 0 14 14 4 0 7 14 8 14 14 0 0 14 14 14 14 14 2 14 6 14 0 14 6 14 6 14 6 14 1 0 14 14 14 14 14 12 6 6 14 14 14 14 14 14 14 14 14 14 14 10 14 14 14 1
14 14 14 14 14 14 14 5 14 0 14 14 4 0 7 14 8 14 14 0 0 14 14 14 14 14 2 14 6 14 0 14 6 14 6 14 6 14 1 0 14 14 14 14 14 12 6 6 14 14 14 14 14 14 14 14 14 14 14 10 14 14 14 1
14 14 14 14 14 14 14 5 14 0 14 14 4 0 7 14 8 14 14 0 0 14 14 14 14 14 2 14 6 14 0 14 6 14 6 14 6 14 1 0 14 14 14 14 14 12 6 6 14 14 14 14 14 14 14 14 14 14 14 10 14 14 14 1
14 14 14 14 14 14 14 5 14 0 14 14 4 0 7 14 8 14 14 0 0 14 14 14 14 14 2 14 6 14 0 14 6 14 6 14 6 14 1 0 14 14 14 14 14 12 6 6 14 14 14 14 14 14 14 14 14 14 14 10 14 14 14 1
14 14 14 14 14 14 14 5 14 0 14 14 4 0 7 14 8 14 14 0 0 14 14 14 14 14 2 14 6 14 0 14 6 14 6 14 6 14 1 0 14 14 14 14 14 12 6 6 14 14 14 14 14 14 14 14 14 14 14 10 14 14 14 1
14 14 14 14 14 14 14 5 14 0 14 14 4 0 7 14 8 14 14 0 0 14 14 14 14 14 2 14 6 14 0 14 6 14 6 14 6 14 1 0 14 14 14 14 14 12 6 6 14 14 14 14 14 14 14 14 14 14 14 10 14 14 14 1
14 14 14 14 14 14 14 5 14 0 14 14 4 0 7 14 8 14 14 0 0 14 14 14 14 14 2 14 6 14 0 14 6 14 6 14 6 14 1 0 14 14 14 14 14 12 6 6 14 14 14 14 14 14 14 14 14 14 14 10 14 14 14 1
14 14 14 14 14 14 14 5 14 0 14 14 4 0 7 14 8 14 14 0 0 14 14 14 14 14 2 14 6 14 0 14 6 14 6 14 6 14 1 0 14 14 14 14 14 12 6 6 14 14 14 14 14 14 14 14 14 14 14 10 14 14 14 1
14 14 14 14 14 14 14 5 14 0 14 14 4 0 7 14 8 14 14 0 0 14 14 14 14 14 2 14 6 14 0 14 6 14 6 14 6 14 1 0 14 14 14 14 14 12 6 6 14 14 14 14 14 14 14 14 14 14 14 10 14 14 14 1
14 14 14 14 14 14 14 5 14 0 14 14 4 0 14 14 8 14 14 0 0 14 14 14 14 14 2 14 7 14 0 14 6 14 6 14 6 14 1 0 14 14 14 14 14 12 6 6 6 14 14 14 14 14 14 14 1 14 14 10 14 14 14 1
14 14 14 14 14 14 14 5 14 0 14 14 4 0 14 14 8 14 14 0 0 14 14 14 14 14 2 14 7 14 0 14 6 14 6 14 6 14 1 0 14 14 14 14 14 12 6 6 6 14 14 14 14 14 14 14 1 14 14 10 14 14 14 1
14 14 14 14 14 14 14 5 14 0 14 14 4 0 14 14 8 14 14 0 0 14 14 14 14 14 2 14 7 14 0 14 6 14 6 14 6 14 1 0 14 14 14 14 14 12 6 6 6 14 14 14 14 14 14 14 1 14 14 10 14 14 14 1
14 14 14 14 14 14 14 5 14 0 14 14 4 0 14 14 8 14 14 0 0 14 14 14 14 14 2 14 7 14 0 14 6 14 6 14 6 14 1 0 14 14 14 14 14 12 6 6 6 14 14 14 14 14 14 14 1 14 14 10 14 14 14 1
14 14 14 14 14 14 14 5 14 0 14 14 4 0 14 14 8 14 14 0 0 14 14 14 14 14 2 14 7 14 0 14 6 14 6 14 6 14 1 0 14 14 14 14 14 12 6 6 6 14 14 14 14 14 14 14 1 14 14 10 14 14 14 1
14 14 14 14 14 14 14 5 14 0 14 14 4 0 14 14 8 14 14 0 0 14 14 14 14 14 2 14 7 14 0 14 6 14 6 14 6 14 1 0 14 14 14 14 14 12 6 6 6 14 14 14 14 14 14 14 1 14 14 10 14 14 14 1
14 14 14 14 14 14 14 5 14 0 14 14 4 0 14 14 8 14 14 0 0 14 14 14 14 14 2 14 7 14 0 14 6 14 6 14 6 14 1 0 14 14 14 14 14 12 6 6 6 14 14 14 14 14 14 14 1 14 14 10 14 14 14 1
14 14 14 14 14 14 14 5 14 0 14 14 4 0 14 14 8 14 14 0 0 14 14 14 14 14 2 14 7 14 0 14 6 14 6 14 6 14 1 0 14 14 14 14 14 12 6 6 6 14 14 14 14 14 14 14 1 14 14 10 14 14 14 1
14 14 14 14 14 14 14 5 14 0 14 14 4 0 14 14 8 14 14 0 0 14 14 14 14 14 2 14 7 14 0 14 6 14 6 14 6 14 1 0 14 14 14 14 14 12 6 6 6 14 14 14 14 14 14 14 1 14 14 10 14 14 14 1
14 14 14 14 14 14 14 5 14 0 14 14 4 0 14 14 8 14 14 0 0 14 14 14 14 14 2 14 7 14 0 14 6 14 6 14 6 14 1 0 14 14 14 14 14 12 6 6 6 14 14 14 14 14 14 14 1 14 14 10 14 14 14 1
14 14 14 14 14 14 14 5 14 0 14 14 4 0 14 14 8 14 14 0 0 14 14 14 14 14 2 14 7 14 0 14 6 14 6 14 6 14 1 0 14 14 14 14 14 12 6 6 6 14 14 14 14 14 14 14 1 14 14 10 14 14 14 1
14 14 14 14 14 14 14 5 14 0 14 14 4 0 14 14 8 14 14 0 0 14 14 14 14 14 2 14 7 14 0 14 6 14 6 14 6 14 1 0 14 14 14 14 14 12 6 6 6 14 14 14 14 14 14 14 1 14 14 10 14 14 14 1
14 14 14 14 14 14 14 5 14 0 14 14 4 0 14 14 8 14 14 0 0 14 14 14 14 14 2 14 7 14 0 14 6 14 6 14 6 14 1 0 14 14 14 14 14 12 6 6 6 14 14 14 14 14 14 14 1 14 14 10 14 14 14 1
14 14 14 14 14 14 14 5 14 0 14 14 4 0 14 14 8 14 14 0 0 14 14 14 14 14 2 14 12 14 0 14 6 14 6 14 6 14 1 0 14 14 14 14 14 14 6 6 6 14 14 14 14 14 14 14 1 14 14 10 14 14 14 1
14 14 14 14 14 14 14 5 14 0 14 14 4 0 14 14 8 14 14 0 0 14 14 14 14 14 2 14 12 14 0 14 6 14 6 14 6 14 1 0 14 14 14 14 14 14 6 6 6 14 14 14 14 14 14 14 1 14 14 10 14 14 14 1
14 14 14 14 14 14 14 5 14 0 14 14 4 0 14 14 8 14 14 0 0 14 14 14 14 14 2 14 12 14 0 14 6 14 6 14 6 14 1 0 14 14 14 14 14 14 6 6 6 14 14 14 14 14 14 14 1 14 14 10 14 14 14 1
14 14 14 14 14 14 14 5 14 0 14 14 4 0 14 14 8 14 14 0 0 14 14 14 14 14 2 14 12 14 0 14 6 14 6 14 6 14 1 0 14 14 14 14 14 14 6 6 6 14 14 14 14 14 14 14 1 14 14 10 14 14 14 1
14 14 14 14 14 14 14 5 14 0 14 14 4 0 14 14 8 14 14 0 0 14 14 14 14 14 2 14 12 14 0 14 6 14 6 14 6 14 1 0 14 14 14 14 14 14 6 6 6 14 14 14 14 14 14 14 1 14 14 10 14 14 14 1
14 14 14 14 14 14 14 5 14 0 14 14 4 0 14 14 8 14 14 0 0 14 14 14 14 14 2 14 12 14 0 14 6 14 6 14 6 14 1 0 14 14 14 14 14 14 6 6 6 14 14 14 14 14 14 14 1 14 14 10 14 14 14 1
14 14 14 14 14 14 14 5 14 0 14 14 4 0 14 14 8 14 14 0 0 14 14 14 14 14 2 14 12 14 0 14 6 14 6 14 6 14 1 0 14 14 14 14 14 14 6 6 6 14 14 14 14 14 14 14 1 14 14 10 14 14 14 1
14 14 14 14 14 14 14 5 14 0 14 14 4 0 14 14 8 14 14 0 0 14 14 14 14 14 2 14 12 14 0 14 6 14 6 14 6 14 1 0 14 14 14 14 14 14 6 6 6 14 14 14 14 14 14 14 1 14 14 10 14 14 14 1
14 14 14 14 14 14 14 5 14 0 14 14 4 0 14 14 8 14 14 0 0 14 14 14 14 14 2 14 12 14 0 14 6 14 6 14 6 14 1 0 14 14 14 14 14 14 6 6 6 14 14 14 14 14 14 14 1 14 14 10 14 14 14 1
14 14 14 14 14 14 14 5 14 0 14 14 4 0 14 14 8 14 14 0 0 14 14 14 14 14 2 14 12 14 0 14 6 14 6 14 6 14 1 0 14 14 14 14 14 14 6 6 6 14 14 14 14 14 14 14 1 14 14 10 14 14 14 1
14 14 14 14 14 14 14 5 14 0 14 14 4 0 14 14 8 14 14 0 0 14 14 14 14 14 2 14 12 14 0 14 6 14 6 14 6 14 1 0 14 14 14 14 14 14 6 6 6 14 14 14 14 14 14 14 1 14 14 10 14 14 14 1
14 14 14 14 14 14 14 14 14 0 14 14 4 0 14 14 8 14 14 0 0 14 14 5 14 14 2 14 12 14 0 14 6 14 6 14 6 14 1 0 14 14 14 14 14 14 6 6 6 14 14 14 14 14 14 14 1 14 14 10 14 14 14 1
14 14 14 14 14 14 14 14 14 0 14 14 4 0 14 14 8 14 14 0 0 14 14 5 14 14 2 14 12 14 0 14 6 14 6 14 6 14 1 0 14 14 14 14 14 14 6 6 6 14 14 14 14 14 14 14 1 14 14 10 14 14 14 1
14 14 14 14 14 14 14 14 14 0 14 14 4 0 14 14 8 14 14 0 0 14 14 5 14 14 2 14 12 14 0 14 6 14 6 14 6 14 1 0 14 14 14 14 14 14 6 6 6 14 14 14 14 14 14 14 1 14 14 10 14 14 14 1
14 14 14 14 14 14 14 14 14 0 14 14 4 0 14 14 8 14 14 0 0 14 14 5 14 14 2 14 12 14 0 14 6 14 6 14 6 14 1 0 14 14 14 14 14 14 6 6 6 14 14 14 14 14 14 14 1 14 14 10 14 14 14 1
14 14 14 14 14 14 14 14 14 0 14 14 4 0 14 14 8 14 14 0 0 14 14 5 14 14 2 14 12 14 0 14 6 14 6 14 6 14 1 0 14 14 14 14 14 14 6 6 6 14 14 14 14 14 14 14 1 14 14 10 14 14 14 1
14 14 14 14 14 14 14 14 14 0 14 14 4 0 14 14 8 14 14 0 0 14 14 5 14 14 2 14 12 14 0 14 6 14 6 14 6 14 1 0 14 14 14 14 14 14 6 6 6 14 14 14 14 14 14 14 1 14 14 10 14 14 14 1
14 14 14 14 14 14 14 14 14 0 14 14 4 0 14 14 8 14 14 0 0 14 14 5 14 14 2 14 12 14 0 14 6 14 6 14 6 14 1 0 14 14 14 14 14 14 6 6 6 14 14 14 14 14 14 14 1 14 14 10 14 14 14 1
14 14 14 14 14 14 14 14 14 0 14 14 4 0 14 14 8 14 14 0 0 14 14 5 14 14 2 14 12 14 0 14 6 14 6 14 6 14 1 0 14 14 14 14 14 14 6 6 6 14 14 14 14 14 14 14 1 14 14 10 14 14 14 1
14 14 14 14 14 14 14 14 14 0 14 14 4 0 14 14 8 14 14 0 0 14 14 5 14 14 2 14 12 14 0 14 6 14 6 14 6 14 1 0 14 14 14 14 14 14 6 6 6 14 14 14 14 14 14 14 1 14 14 10 14 14 14 1
14 14 14 14 14 14 14 14 14 0 14 14 4 0 14 14 8 14 14 0 0 14 14 5 14 14 2 14 12 14 0 14 6 14 6 14 6 14 1 0 14 14 14 14 14 14 6 6 6 14 14 14 14 14 14 14 1 14 14 10 14 14 14 1
14 14 14 14 14 14 14 14 14 0 14 14 4 0 14 14 8 14 14 0 0 14 14 5 14 14 2 14 1 14 0 14 6 14 6 14 6 14 1 0 14 14 14 14 14 14 6 6 6 14 14 14 14 14 14 14 1 14 14 10 14 2 14 14
14 14 14 14 14 14 14 14 14 0 14 14 4 0 14 14 8 14 14 0 0 14 14 5 14 14 2 14 1 14 0 14 6 14 6 14 6 14 1 0 14 14 14 14 14 14 6 6 6 14 14 14 14 14 14 14 1 14 14 10 14 2 14 14
14 14 14 14 14 14 14 14 14 0 14 14 4 0 14 14 8 14 14 0 0 14 14 5 14 14 2 14 1 14 0 14 6 14 6 14 6 14 1 0 14 14 14 14 14 14 6 6 6 14 14 14 14 14 14 14 1 14 14 10 14 2 14 14
14 14 14 14 14 14 14 14 14 0 14 14 4 0 14 14 8 14 14 0 0 14 14 5 14 14 2 14 1 14 0 14 6 14 6 14 6 14 1 0 14 14 14 14 14 14 6 6 6 14 14 14 14 14 14 14 1 14 14 10 14 2 14 14
14 14 14 14 14 14 14 14 14 0 14 14 4 0 14 14 8 14 14 0 0 14 14 5 14 14 2 14 1 14 0 14 6 14 6 14 6 14 1 0 14 14 14 14 14 14 6 6 6 14 14 14 14 14 14 14 1 14 14 10 14 2 14 14
14 14 14 14 14 14 14 14 14 0 14 14 4 0 14 14 8 14 14 0 0 14 14 5 14 14 2 14 1 14 0 14 6 14 6 14 6 14 1 0 14 14 14 14 14 14 6 6 6 14 14 14 14 14 14 14 1 14 14 10 14 2 14 14
14 14 14 14 14 14 14 14 14 0 14 14 4 0 14 14 8 14 14 0 0 14 14 5 14 14 2 14 1 14 0 14 6 14 6 14 6 14 1 0 14 14 14 14 14 14 6 6 6 14 14 14 14 14 14 14 1 14 14 10 14 2 14 14
14 14 14 14 14 14 14 14 14 0 14 14 4 0 14 14 8 14 14 0 0 14 14 5 14 14 2 14 1 14 0 14 6 14 6 14 6 14 1 0 14 14 14 14 14 14 6 6 6 14 14 14 14 14 14 14 1 14 14 10 14 2 14 14
14 14 14 14 14 14 14 14 14 0 14 14 4 0 14 14 8 14 14 0 0 14 14 5 14 14 2 14 1 14 0 14 6 14 6 14 6 14 1 0 14 14 14 14 14 14 6 6 6 14 14 14 14 14 14 14 1 14 14 10 14 2 14 14
14 14 14 14 14 14 14 14 14 0 14 14 4 0 14 14 8 14 14 0 0 14 14 5 14 14 2 14 1 14 0 14 6 14 6 14 6 14 1 0 14 14 14 14 14 14 6 6 6 14 14 14 14 14 14 14 1 14 14 10 14 2 14 14
14 14 14 14 14 14 14 14 14 0 14 14 4 0 14 14 8 14 14 0 0 14 14 5 14 14 2 14 1 14 0 14 6 14 6 14 6 14 1 0 14 14 14 14 14 14 6 6 6 14 14 14 14 14 14 14 1 14 14 10 14 2 14 14
14 14 14 14 14 14 14 14 14 0 14 14 4 0 14 14 8 14 14 0 0 14 14 5 14 14 2 14 1 14 0 14 6 14 6 14 6 14 1 0 14 14 14 14 14 14 6 6 6 14 14 14 14 14 14 14 1 14 14 10 14 2 14 14
14 14 14 14 14 14 14 14 14 0 14 14 4 0 14 14 8 14 14 0 0 14 14 5 14 14 2 14 1 14 0 14 6 14 6 14 6 14 1 0 14 14 14 14 14 14 6 6 6 14 14 14 14 14 14 14 1 14 14 10 14 2 14 14
14 14 14 14 14 14 14 14 14 0 14 14 4 0 14 14 8 14 14 14 0 14 14 5 14 14 2 14 0 14 0 14 6 14 6 14 6 14 1 0 14 14 14 14 14 14 6 6 6 14 14 14 14 14 14 14 1 14 14 10 14 2 14 14
14 14 14 14 14 14 14 14 14 0 14 14 4 0 14 14 8 14 14 14 0 14 14 5 14 14 2 14 0 14 0 14 6 14 6 14 6 14 1 0 14 14 14 14 14 14 6 6 6 14 14 14 14 14 14 14 1 14 14 10 14 2 14 14
14 14 14 14 14 14 14 14 14 0 14 14 4 0 14 14 8 14 14 14 0 14 14 5 14 14 2 14 0 14 0 14 6 14 6 14 6 14 1 0 14 14 14 14 14 14 6 6 6 14 14 14 14 14 14 14 1 14 14 10 14 2 14 14
14 14 14 14 14 14 14 14 14 0 14 14 4 0 14 14 8 14 14 14 0 14 14 5 14 14 2 14 0 14 0 14 6 14 6 14 6 14 1 0 14 14 14 14 14 14 6 6 6 14 14 14 14 14 14 14 1 14 14 10 14 2 14 14
14 14 14 14 14 14 14 14 14 0 14 14 4 0 14 14 8 14 14 14 0 14 14 5 14 14 2 14 0 14 0 14 6 14 6 14 6 14 1 0 14 14 14 14 14 14 6 6 6 14 14 14 14 14 14 14 1 14 14 10 14 2 14 14
14 14 14 14 14 14 14 14 14 0 14 14 4 0 14 14 8 14 14 14 0 14 14 5 14 14 2 14 0 14 0 14 6 14 6 14 6 14 1 0 14 14 14 14 14 14 6 6 6 14 14 14 14 14 14 14 1 14 14 10 14 2 14 14
14 14 14 14 14 14 14 14 14 0 14 14 4 0 14 14 8 14 14 14 0 14 14 5 14 14 2 14 0 14 0 14 6 14 6 14 6 14 1 0 14 14 14 14 14 14 6 6 6 14 14 14 14 14 14 14 1 14 14 10 14 2 14 14
14 14 14 14 14 14 14 14 14 0 14 14 4 0 14 14 8 14 14 14 0 14 14 5 14 14 2 14 0 14 0 14 6 14 6 14 6 14 1 0 14 14 14 14 14 14 6 6 6 14 14 14 14 14 14 14 1 14 14 10 14 2 14 14
14 14 14 14 14 14 14 14 14 0 14 14 4 0 14 14 8 14 14 14 0 14 14 5 14 14 2 14 0 14 0 14 6 14 6 14 6 14 1 0 14 14 14 14 14 14 6 6 6 14 14 14 14 14 14 14 1 14 14 10 14 2 14 14
14 14 14 14 14 14 14 14 14 0 14 14 4 0 14 14 8 14 14 14 0 14 14 5 14 14 2 14 0 14 0 14 6 14 6 14 6 14 1 0 14 14 14 14 14 14 6 6 6 14 14 14 14 14 14 14 1 14 14 10 14 2 14 14
14 14 14 14 14 14 14 14 14 0 14 14 4 0 14 14 8 14 14 14 0 14 14 5 14 14 2 14 0 14 0 14 6 14 6 14 6 14 1 0 14 14 14 14 14 14 6 6 6 14 14 14 14 14 14 14 1 14 14 10 14 2 14 14
14 14 14 14 14 14 14 14 14 0 14 14 4 0 14 14 8 14 14 14 0 14 14 5 14 14 2 14 0 14 0 14 6 14 6 14 6 14 1 0 14 14 14 14 14 14 6 6 6 14 14 14 14 14 14 14 1 14 14 10 14 2 14 14
14 14 14 14 14 14 14 14 14 0 14 14 4 0 14 14 8 14 14 14 0 14 14 5 14 14 2 14 0 14 0 14 6 14 6 14 6 14 1 0 14 14 14 14 14 14 6 6 6 14 14 14 14 14 14 14 1 14 14 10 14 2 14 14
14 14 14 14 14 14 14 14 14 0 14 14 4 0 14 14 8 14 14 14 0 14 14 5 14 14 2 14 0 14 0 14 6 14 6 14 6 14 1 0 14 14 14 14 14 14 6 6 6 14 14 14 14 14 14 14 1 14 14 10 14 2 14 14
14 14 14 14 14 14 14 14 14 0 14 14 4 0 14 14 8 14 14 14 0 14 14 5 14 14 2 14 0 14 0 14 6 14 6 14 6 14 1 0 14 14 14 14 14 14 6 6 6 14 14 14 14 14 14 14 1 14 14 10 14 2 14 14
14 14 14 14 14 14 14 14 14 0 14 14 4 0 14 14 8 14 14 14 0 14 14 5 14 14 2 14 0 14 0 14 6 14 6 14 6 14 1 0 6 14 14 14 14 14 6 6 14 14 14 14 14 14 14 14 1 14 14 10 14 2 14 14
14 14 14 14 14 14 14 14 14 0 14 14 4 0 14 14 8 14 14 14 0 14 14 5 14 14 2 14 0 14 0 14 6 14 6 14 6 14 1 0 6 14 14 14 14 14 6 6 14 14 14 14 14 14 14 14 1 14 14 10 14 2 14 14
14 14 14 14 14 14 14 14 14 0 14 14 4 0 14 14 8 14 14 14 0 14 14 5 14 14 2 14 0 14 0 14 6 14 6 14 6 14 1 0 6 14 14 14 14 14 6 6 14 14 14 14 14 14 14 14 1 14 14 10 14 2 14 14
14 14 14 14 14 14 14 14 14 0 14 14 4 0 14 14 8 14 14 14 0 14 14 5 14 14 2 14 0 14 0 14 6 14 6 14 6 14 1 0 6 14 14 14 14 14 6 6 14 14 14 14 14 14 14 14 1 14 14 10 14 2 14 14
14 14 14 14 14 14 14 14 14 0 14 14 4 0 14 14 8 14 14 14 0 14 14 5 14 14 2 14 0 14 0 14 6 14 6 14 6 14 1 0 6 14 14 14 14 14 6 6 14 14 14 14 14 14 14 14 1 14 14 10 14 2 14 14
14 14 14 14 14 14 14 14 14 0 14 14 4 0 14 14 8 14 14 14 0 14 14 5 14 14 2 14 0 14 0 14 6 14 6 14 6 14 1 0 6 14 14 14 14 14 6 6 14 14 14 14 14 14 14 14 1 14 14 10 14 2 14 14
14 14 14 14 14 14 14 14 14 0 14 14 4 0 14 14 8 14 14 14 0 14 14 5 14 14 2 14 0 14 0 14 6 14 6 14 6 14 1 0 6 14 14 14 14 14 6 6 14 14 14 14 14 14 14 14 1 14 14 10 14 2 14 14
14 14 14 14 14 14 14 14 14 0 14 14 4 0 14 14 8 14 14 14 0 14 14 5 14 14 2 14 0 14 0 14 6 14 6 14 6 14 1 0 6 14 14 14 14 14 6 6 14 14 14 14 14 14 14 14 1 14 14 10 14 2 14 14
14 14 14 14 14 14 14 14 14 0 14 14 4 0 14 14 8 14 14 14 0 14 14 5 14 14 2 14 0 14 0 14 6 14 6 14 6 14 1 0 6 14 14 14 14 14 6 6 14 14 14 14 14 14 14 14 1 14 14 10 14 2 14 14
14 14 14 14 14 14 14 14 14 0 14 14 4 0 14 14 8 14 14 14 0 14 14 5 14 14 2 14 0 14 0 14 6 14 6 14 6 14 1 0 6 14 14 14 14 14 6 6 14 14 14 14 14 14 14 14 1 14 14 10 14 2 14 14
14 14 14 14 14 14 14 14 14 0 14 14 4 0 14 14 8 14 14 14 0 14 14 5 14 14 2 14 0 14 0 14 6 14 6 14 6 14 1 0 6 14 14 14 14 14 6 6 14 14 14 14 14 14 14 14 1 14 14 10 14 2 14 14
14 14 14 14 14 14 14 14 14 0 14 14 4 0 14 14 8 14 14 14 0 14 14 5 14 14 2 14 0 14 0 14 6 14 6 14 6 14 1 0 6 14 14 14 14 14 6 6 14 14 14 14 14 14 14 14 1 14 14 10 14 2 14 14
14 14 14 14 14 14 14 14 14 0 14 14 4 0 14 14 8 14 14 14 0 14 14 5 14 14 2 14 0 14 0 14 6 14 6 14 6 14 1 0 6 14 14 14 14 14 6 6 14 14 14 14 14 14 14 14 1 14 14 10 14 2 14 14
14 14 14 14 14 14 14 14 14 0 14 14 4 0 14 14 8 14 14 14 0 14 14 5 14 14 2 14 0 14 0 14 6 14 6 14 6 14 1 0 6 14 14 14 14 14 6 6 14 14 14 14 14 14 14 14 1 14 14 10 14 2 14 14
14 14 14 14 14 14 14 14 14 0 14 14 4 0 14 14 8 14 14 14 0 14 14 5 14 14 2 14 0 14 0 14 6 14 6 14 6 14 1 0 6 14 14 14 14 14 6 6 14 14 14 14 14 14 14 14 1 14 14 10 14 2 14 14
14 14 14 14 14 14 14 14 14 0 14 14 4 0 14 14 8 14 14 14 0 14 14 5 14 14 2 14 0 14 0 14 6 14 6 14 6 14 1 0 6 14 14 14 14 14 6 6 14 14 14 14 14 14 14 14 1 14 14 10 14 2 14 14
14 14 14 14 14 14 14 14 14 0 14 14 4 0 14 14 8 14 14 14 0 14 14 5 14 14 2 14 0 14 0 14 6 14 6 14 6 14 1 0 6 14 14 14 14 14 6 6 14 14 14 14 14 14 14 14 1 14 14 10 14 2 14 14
14 14 14 14 14 14 14 14 14 0 14 14 4 0 14 14 8 14 14 14 0 14 14 5 14 14 2 14 0 14 0 14 6 14 6 14 6 14 1 0 6 14 14 14 14 14 6 6 14 14 14 14 14 14 14 14 1 14 14 10 14 2 14 14
14 14 14 14 14 14 14 14 14 0 14 14 4 0 14 14 14 7 14 14 0 14 14 5 14 14 2 14 0 14 0 14 6 14 6 14 6 14 1 0 6 14 14 14 14 14 6 6 14 14 14 14 14 14 14 14 1 14 14 10 14 2 14 14
14 14 14 14 14 14 14 14 14 0 14 14 4 0 14 14 14 7 14 14 0 14 14 5 14 14 2 14 0 14 0 14 6 14 6 14 6 14 1 0 6 14 14 14 14 14 6 6 14 14 14 14 14 14 14 14 1 14 14 10 14 2 14 14
14 14 14 14 14 14 14 14 14 0 14 14 4 0 14 14 14 7 14 14 0 14 14 5 14 14 2 14 0 14 0 14 6 14 6 14 6 14 1 0 6 14 14 14 14 14 6 6 14 14 14 14 14 14 14 14 1 14 14 10 14 2 14 14
14 14 14 14 14 14 14 14 14 0 14 14 4 0 14 14 14 7 14 14 0 14 14 5 14 14 2 14 0 14 0 14 6 14 6 14 6 14 1 0 6 14 14 14 14 14 6 6 14 14 14 14 14 14 14 14 1 14 14 10 14 2 14 14
14 14 14 14 14 14 14 14 14 0 14 14 4 0 14 14 14 7 14 14 0 14 14 5 14 14 2 14 0 14 0 14 6 14 6 14 6 14 1 0 6 14 14 14 14 14 6 6 14 14 14 14 14 14 14 14 1 14 14 10 14 2 14 14
14 14 14 14 14 14 14 14 14 0 14 14 4 0 14 14 14 7 14 14 0 14 14 5 14 14 2 14 0 14 0 14 6 14 6 14 6 14 1 0 6 14 14 14 14 14 6 6 14 14 14 14 14 14 14 14 1 14 14 10 14 2 14 14
14 14 14 14 14 14 14 14 14 0 14 14 4 0 14 14 14 7 14 14 0 14 14 5 14 14 2 14 0 14 0 14 6 14 6 14 6 14 1 0 6 14 14 14 14 14 6 6 14 14 14 14 14 14 14 14 1 14 14 10 14 2 14 14
14 14 14 14 14 14 14 14 14 0 14 14 4 0 14 14 14 7 14 14 0 14 14 5 14 14 2 14 0 14 0 14 6 14 6 14 6 14 1 0 6 14 14 14 14 14 6 6 14 14 14 14 14 14 14 14 1 14 14 10 14 2 14 14
14 14 14 14 14 14 14 14 14 0 14 14 4 0 14 14 14 7 14 14 0 14 14 5 14 14 2 14 0 14 0 14 6 14 6 14 6 14 1 0 6 14 14 14 14 14 6 6 14 14 14 14 14 14 14 14 1 14 14 10 14 2 14 14
14 14 14 14 14 14 14 14 14 0 14 14 4 0 14 14 14 7 14 14 0 14 14 5 14 14 2 14 0 14 0 14 6 14 6 14 6 14 1 0 6 14 14 14 14 14 6 6 14 14 14 14 14 14 14 14 1 14 14 10 14 2 14 14
14 14 14 14 14 14 14 14 14 0 14 14 4 0 14 14 14 7 14 14 0 14 14 5 14 14 2 14 0 14 0 14 6 14 6 14 6 14 1 0 6 14 14 14 14 14 6 6 14 14 14 14 14 14 14 14 1 14 14 10 14 2 14 14
14 14 14 14 14 14 14 14 14 0 14 14 4 0 14 14 14 7 14 14 0 14 14 5 14 14 2 14 0 14 0 14 6 14 6 14 6 14 1 0 6 14 14 14 14 14 6 6 14 14 14 14 14 14 14 14 1 14 14 10 14 2 14 14
14 14 14 14 14 14 14 14 14 0 14 14 4 0 14 14 14 7 14 14 0 14 14 5 14 14 2 14 0 14 0 14 6 14 6 14 6 14 1 0 6 14 14 14 14 14 6 6 14 14 14 14 14 14 14 14 1 14 14 10 14 2 14 14
14 14 14 14 14 14 14 14 14 0 14 14 4 0 14 14 14 7 14 14 0 14 14 5 14 14 2 14 0 14 0 14 6 14 6 14 6 14 1 0 6 14 14 14 14 14 6 6 14 14 14 14 14 14 14 14 1 14 14 10 14 2 14 14
14 14 14 14 14 14 14 14 14 0 14 14 4 0 14 14 14 7 14 14 0 14 14 5 14 14 2 14 0 14 0 14 6 14 6 14 6 14 1 0 6 14 14 14 14 14 6 6 14 14 14 14 14 14 14 14 1 14 14 10 14 2 14 14
14 14 14 14 14 14 14 14 14 0 14 14 4 0 14 14 14 7 14 14 0 14 14 5 14 14 2 14 0 14 0 14 6 14 6 14 6 14 1 0 6 14 14 14 14 14 6 6 14 14 14 14 14 14 14 14 1 14 14 10 14 2 14 14
14 14 14 14 14 14 14 14 14 0 14 14 4 0 14 14 14 7 14 14 0 14 14 5 14 14 2 14 0 14 0 14 6 14 6 14 6 14 1 0 6 14 14 14 14 14 6 6 14 14 14 14 14 14 14 14 1 14 14 10 14 2 14 14
14 14 14 14 14 14 14 14 14 0 14 14 4 0 14 14 14 7 14 14 0 14 14 5 14 14 2 14 0 14 0 14 6 14 6 14 6 14 1 0 6 14 14 14 14 14 6 6 14 14 14 14 14 14 14 14 1 14 14 10 14 2 14 14
14 14 14 14 14 14 14 14 14 0 14 14 4 0 14 14 14 7 14 14 0 14 14 5 14 14 2 14 0 14 0 14 6 14 6 14 6 14 1 0 6 14 14 14 14 14 6 6 14 14 14 14 14 14 14 14 1 14 14 10 14 2 14 14
14 14 14 14 14 14 14 14 14 0 14 14 4 0 14 14 14 7 14 14 0 14 14 5 14 14 2 14 0 14 0 14 6 14 6 14 6 14 1 0 6 14 14 14 14 14 6 6 14 14 14 14 14 14 14 14 1 14 14 10 14 2 14 14
