35 5070 32 0
44 182 0 0
35 185 0 0
41 190 0 0
29 193 0 0
31 185 27 0
32 192 0 0
41 192 0 0
41 198 0 0
37 200 0 0
41 191 0 0
34 196 0 0
35 191 0 0
36 195 30 0
36 194 0 0
40 198 0 0
27 197 0 0
31 199 0 0
33 194 0 0
38 199 0 0
33 195 0 0
31 198 0 0
24 196 31 0
21 194 0 0
22 192 0 0
30 201 0 0
26 193 0 0
28 195 0 0
31 190 0 0
27 189 33 0
26 193 0 0
33 199 0 0
36 199 0 0
29 191 0 0
31 194 0 0
31 196 0 0
37 193 0 0
36 192 30 0
39 193 0 0
40 192 0 0
34 191 0 0
36 193 0 0
29 188 0 0
26 194 0 0
27 198 0 0
28 193 0 0
31 193 30 0
26 189 0 0
29 194 0 0
30 192 0 0
30 190 0 0
34 190 0 0
30 198 0 0
30 196 0 0
27 197 0 0
26 192 0 0
32 207 0 0
33 196 30 0
29 191 0 0
29 196 0 0
32 197 0 0
35 205 0 0
30 190 0 0
27 199 0 0
27 197 0 0
30 202 0 0
31 198 0 0
39 190 0 0
32 194 31 0
37 191 0 0
37 197 0 0
35 198 0 0
30 193 0 0
28 199 0 0
25 199 0 0
30 195 0 0
26 199 0 0
31 200 0 0
31 192 0 0
36 194 30 0
34 191 0 0
29 195 0 0
31 195 0 0
30 208 0 0
37 192 0 0
26 196 0 0
26 191 31 0
31 192 0 0
36 193 0 0
30 189 0 0
36 191 0 0
30 194 0 0
40 194 0 0
29 197 0 0
25 191 0 0
28 196 0 0
31 198 30 0
32 193 0 0
27 201 0 0
32 200 0 0
36 198 0 0
32 198 0 0
29 195 0 0
26 196 0 0
27 216 0 0
32 198 0 0
35 197 0 0
38 191 0 0
31 195 33 0
37 188 0 0
35 198 0 0
38 192 0 0
34 189 0 0
36 188 0 0
36 195 0 0
28 191 0 0
26 193 0 0
30 189 0 0
36 197 0 0
38 196 29 0
38 205 0 0
27 204 0 0
31 204 0 0
31 206 0 0
29 203 0 0
26 206 0 0
29 210 0 0
31 205 0 0
35 207 0 0
26 200 34 0
29 210 0 0
32 208 0 0
29 201 0 0
36 200 0 0
28 203 0 0
37 200 0 0
36 203 0 0
44 204 0 0
48 199 0 0
47 204 0 0
49 206 32 0
38 210 0 0
29 227 0 0
34 205 0 0
32 202 0 0
35 203 0 0
40 212 0 0
44 199 0 0
37 206 34 0
42 201 0 0
39 210 0 0
35 200 0 0
37 203 0 0
29 203 0 0
29 200 0 0
32 206 0 0
33 203 0 0
33 208 0 0
29 213 0 0
35 204 0 0
42 205 0 0
31 205 32 0
30 213 0 0
28 205 0 0
36 209 0 0
30 208 0 0
29 209 0 0
31 204 0 0
38 209 0 0
40 212 0 0
47 208 0 0
47 209 1 0
28 204 0 0
31 201 33 0
42 203 0 0
29 200 0 0
28 202 0 0
39 205 0 0
48 207 0 0
49 230 0 0
31 205 0 0
33 199 0 0
28 214 0 0
33 200 0 0
29 201 0 0
34 203 34 0
37 197 0 0
38 209 0 0
39 205 0 0
38 198 0 0
41 201 0 0
42 201 0 0
28 201 0 0
32 204 32 0
37 200 0 0
37 209 0 0
39 197 0 0
44 203 0 0
35 205 0 0
31 202 0 0
35 202 0 0
41 197 0 0
38 200 0 0
44 202 0 0
51 202 0 0
39 199 0 0
40 203 34 0
38 208 0 0
40 197 0 0
30 209 0 0
28 200 0 0
34 204 0 0
36 201 0 0
33 208 1 0
41 218 0 0
46 201 0 0
49 201 30 0
44 211 0 0
41 197 0 0
45 205 0 0
42 197 0 0
36 194 0 0
36 201 0 0
40 207 0 0
36 211 0 0
37 200 0 0
38 199 0 0
41 201 0 0
31 197 0 0
51 204 0 0
47 201 34 0
31 201 0 0
32 194 0 0
28 198 0 0
35 202 0 0
28 199 0 0
32 195 0 0
29 202 0 0
32 196 0 0
30 200 0 0
30 205 25 0
32 212 0 0
29 194 0 0
30 201 0 0
35 205 0 0
33 201 0 0
33 201 0 0
44 223 0 0
46 198 0 0
48 200 0 0
48 200 0 0
40 198 0 0
37 196 31 0
43 197 0 0
39 200 0 0
41 194 0 0
29 202 0 0
32 205 0 0
29 200 0 0
32 203 0 0
29 206 0 0
34 212 0 0
29 197 0 0
28 195 0 0
33 206 32 0
28 199 0 0
31 204 0 0
33 200 0 0
39 197 0 0
40 204 0 0
38 195 0 0
37 215 0 0
28 197 0 0
30 198 0 0
29 201 0 0
29 197 28 0
38 199 0 0
29 207 0 0
34 224 0 0
43 201 0 0
48 198 0 0
35 198 0 0
39 198 0 0
40 197 28 0
36 198 0 0
43 200 0 0
29 199 0 0
32 203 0 0
36 199 0 0
39 198 0 0
43 201 0 0
29 203 0 0
33 196 0 0
29 196 30 0
31 200 0 0
29 195 0 0
28 200 0 0
34 192 0 0
29 199 0 0
32 206 0 0
35 195 0 0
34 200 0 0
38 204 33 0
33 199 0 0
35 204 0 0
34 197 0 0
36 197 0 0
37 194 0 0
40 198 0 0
38 226 0 0
36 195 0 0
43 200 0 0
41 197 32 0
37 198 0 0
29 204 0 0
31 200 0 0
33 210 0 0
29 198 0 0
32 203 0 0
31 197 0 0
50 208 0 0
30 206 0 0
29 207 28 0
29 204 0 0
32 201 0 0
29 197 0 0
30 206 0 0
29 200 0 0
34 193 0 0
36 196 30 0
41 204 0 0
43 196 0 0
36 193 0 0
28 201 0 0
29 196 0 0
32 197 0 0
29 208 0 0
33 206 0 0
33 203 0 0
34 204 0 0
36 204 0 0
29 211 0 0
32 204 0 0
30 201 32 0
28 203 0 0
35 195 0 0
37 196 0 0
36 205 0 0
49 199 0 0
54 217 0 0
37 203 0 0
35 210 0 0
35 204 30 0
28 206 0 0
33 203 0 0
29 212 0 0
35 199 0 0
33 203 0 0
38 206 0 0
45 204 0 0
48 198 0 0
37 204 0 0
36 199 0 0
37 204 0 0
36 207 0 0
29 203 0 0
35 229 29 0
41 202 0 0
33 201 0 0
30 201 0 0
36 198 0 0
41 204 0 0
38 202 0 0
28 203 0 0
35 208 25 0
37 204 0 0
38 204 0 0
29 201 0 0
35 199 0 0
44 198 0 0
29 206 0 0
35 197 0 0
32 197 0 0
37 198 33 0
28 197 0 0
37 198 0 0
33 206 0 0
38 192 0 0
41 197 0 0
39 193 0 0
37 195 0 0
28 199 0 0
32 195 28 0
30 216 0 0
28 180 0 0
32 183 0 0
33 181 0 0
33 185 0 0
37 184 0 0
49 186 0 0
38 182 0 0
30 190 0 0
29 206 0 0
34 202 0 0
29 199 0 0
31 202 28 0
31 200 0 0
36 206 0 0
35 211 0 0
34 202 0 0
34 193 0 0
33 197 0 0
33 199 0 0
31 208 0 0
30 196 0 0
37 199 0 0
36 198 0 0
37 214 0 0
33 208 31 0
29 198 0 0
32 197 0 0
29 193 0 0
40 198 0 0
31 196 0 0
28 197 0 0
32 200 0 0
29 197 0 0
31 195 28 0
36 201 0 0
32 196 0 0
28 202 0 0
32 195 0 0
34 194 0 0
29 195 0 0
29 199 0 0
32 198 0 0
32 205 29 0
32 200 0 0
36 194 0 0
31 196 0 0
37 196 0 0
36 215 0 0
41 195 0 0
38 202 0 0
38 239 0 0
38 205 0 0
30 201 0 0
33 196 0 0
29 200 0 0
38 207 0 0
44 202 0 0
37 200 0 0
57 202 24 0
40 212 0 0
37 206 0 0
37 201 0 0
30 206 0 0
33 202 0 0
42 203 0 0
54 200 0 0
49 198 0 0
48 196 0 0
37 200 0 0
45 198 0 0
36 200 0 0
39 220 27 0
37 208 0 0
38 205 0 0
28 209 0 0
37 204 0 0
30 202 0 0
33 205 0 0
40 208 0 0
37 203 0 0
42 204 0 0
37 197 24 0
32 198 0 0
36 203 0 0
35 194 0 0
35 193 0 0
43 201 0 0
34 198 0 0
39 199 0 0
28 209 0 0
32 199 0 0
29 210 27 0
30 201 0 0
30 203 0 0
29 225 0 0
31 199 0 0
39 193 0 0
33 197 0 0
36 196 0 0
37 197 0 0
35 205 0 0
37 198 0 0
43 203 0 0
43 209 0 0
28 202 22 0
37 205 0 0
35 203 0 0
41 201 0 0
28 203 0 0
30 200 0 0
34 202 0 0
37 204 0 0
31 200 0 0
37 197 0 0
36 199 0 0
37 196 0 0
34 194 0 0
32 227 0 0
38 201 0 0
43 205 29 0
29 208 0 0
32 203 0 0
28 198 0 0
31 210 0 0
38 206 0 0
28 203 0 0
35 199 0 0
46 205 0 0
28 202 0 0
34 201 0 0
37 201 0 0
37 196 0 0
37 201 0 0
43 203 0 0
30 206 0 0
48 196 0 0
50 199 0 0
49 201 25 0
29 206 0 0
32 199 0 0
28 223 0 0
30 190 0 0
37 200 0 0
34 198 0 0
38 201 0 0
39 203 0 0
39 199 0 0
31 192 0 0
44 192 0 0
37 193 0 0
43 197 0 0
50 196 0 0
40 197 0 0
36 192 0 0
44 194 0 0
39 197 0 0
35 195 0 0
