35 5063 0 0
44 202 0 0
35 179 0 0
41 165 0 0
29 191 0 0
31 180 28 0
32 192 0 0
41 191 0 0
41 198 0 0
37 198 0 0
41 189 0 0
34 196 0 0
35 190 0 0
36 194 0 0
36 193 32 0
40 196 0 0
27 195 0 0
31 198 0 0
33 193 0 0
38 198 0 0
33 192 0 0
31 197 0 0
24 194 29 0
21 192 0 0
22 191 0 0
30 199 0 0
26 190 0 0
28 194 0 0
31 187 0 0
27 187 30 0
26 192 0 0
33 199 0 0
36 197 0 0
29 189 0 0
31 193 0 0
31 194 0 0
37 193 0 0
36 190 0 0
39 191 36 0
40 189 0 0
34 189 0 0
36 192 0 0
29 186 0 0
26 192 0 0
27 196 0 0
28 192 0 0
31 193 31 0
26 189 0 0
29 194 0 0
30 191 0 0
30 188 0 0
34 188 0 0
30 197 0 0
30 195 0 0
27 196 0 0
26 190 0 0
32 207 0 0
33 194 34 0
29 190 0 0
29 197 0 0
32 197 0 0
35 204 0 0
30 188 0 0
27 197 0 0
27 196 0 0
30 202 0 0
31 197 0 0
39 189 0 0
32 193 31 0
37 189 0 0
37 196 0 0
35 196 0 0
30 193 0 0
28 197 0 0
25 197 0 0
30 194 0 0
26 198 0 0
31 199 0 0
31 191 0 0
36 193 30 0
34 188 0 0
29 194 0 0
31 194 0 0
30 207 0 0
37 190 0 0
26 195 0 0
26 190 33 0
31 189 0 0
36 192 0 0
30 187 0 0
36 191 0 0
30 192 0 0
40 193 0 0
29 196 0 0
25 190 0 0
28 194 0 0
31 197 32 0
32 190 0 0
27 200 0 0
32 198 0 0
36 196 0 0
32 199 0 0
29 193 0 0
26 194 0 0
27 215 0 0
32 197 0 0
35 196 0 0
38 190 0 0
31 193 34 0
37 187 0 0
35 196 0 0
38 190 0 0
34 188 0 0
36 185 0 0
36 194 0 0
28 190 0 0
26 192 0 0
30 186 0 0
36 196 0 0
38 195 28 0
38 206 0 0
27 203 0 0
31 204 0 0
31 205 0 0
29 202 0 0
26 205 0 0
29 210 0 0
31 204 0 0
35 207 0 0
26 198 43 0
29 209 0 0
32 208 0 0
29 199 0 0
36 199 0 0
28 202 0 0
37 198 0 0
36 202 0 0
44 202 0 0
48 198 0 0
47 203 0 0
49 204 33 0
38 210 0 0
29 226 0 0
34 202 0 0
32 199 0 0
35 203 0 0
40 211 0 0
44 195 0 0
37 204 35 0
42 200 0 0
39 209 0 0
35 198 0 0
37 202 0 0
29 201 0 0
29 199 0 0
32 204 0 0
33 201 0 0
33 207 0 0
29 211 0 0
35 203 0 0
42 203 0 0
31 204 32 0
30 212 0 0
28 204 0 0
36 208 0 0
30 207 0 0
29 207 0 0
31 202 0 0
38 208 0 0
40 211 0 0
47 206 0 0
47 208 0 0
28 203 0 0
31 198 33 0
42 201 0 0
29 198 0 0
28 201 0 0
39 203 0 0
48 207 0 0
49 229 0 0
31 204 0 0
33 197 0 0
28 214 0 0
33 199 0 0
29 200 0 0
34 202 33 0
37 193 0 0
38 208 0 0
39 203 0 0
38 194 0 0
41 201 0 0
42 201 0 0
28 201 0 0
32 205 34 0
37 202 0 0
37 208 0 0
39 199 0 0
44 203 0 0
35 206 0 0
31 201 0 0
35 204 0 0
41 201 0 0
38 200 0 0
44 203 0 0
51 202 0 0
39 202 0 0
40 204 32 0
38 208 0 0
40 198 0 0
30 205 0 0
28 202 0 0
34 204 0 0
36 202 0 0
33 207 0 0
41 222 0 0
46 202 0 0
49 203 28 0
44 212 0 0
41 198 0 0
45 205 0 0
42 198 0 0
36 197 0 0
40 203 0 0
36 207 0 0
37 209 0 0
38 200 0 0
41 202 0 0
31 201 0 0
51 198 0 0
47 208 35 0
36 202 0 0
31 202 0 0
32 197 0 0
28 200 0 0
35 201 0 0
28 199 0 0
32 196 0 0
29 203 0 0
32 199 0 0
30 201 0 0
30 205 26 0
32 210 0 0
29 195 0 0
30 204 0 0
35 205 0 0
33 202 0 0
33 202 0 0
44 223 0 0
46 202 0 0
48 200 0 0
48 200 0 0
40 198 0 0
37 199 31 0
43 199 0 0
39 200 0 0
41 196 0 0
29 203 0 0
32 205 0 0
29 200 0 0
32 202 0 0
29 206 0 0
34 212 0 0
29 198 0 0
28 195 0 0
33 206 32 0
28 201 0 0
31 204 0 0
33 200 0 0
39 198 0 0
40 204 0 0
38 198 0 0
37 215 0 0
28 198 0 0
30 200 0 0
29 202 0 0
29 198 27 0
38 200 0 0
29 207 0 0
34 226 0 0
43 202 0 0
48 199 0 0
35 199 0 0
39 199 0 0
40 198 28 0
36 198 0 0
43 200 0 0
29 200 0 0
32 204 0 0
36 200 0 0
39 200 0 0
43 202 0 0
29 203 0 0
33 197 0 0
29 196 32 0
31 202 0 0
29 196 0 0
28 200 0 0
34 193 0 0
29 200 0 0
32 206 0 0
35 197 0 0
34 201 0 0
38 203 32 0
33 202 0 0
35 205 0 0
34 198 0 0
36 197 0 0
37 198 0 0
40 199 0 0
38 226 0 0
36 195 0 0
43 200 0 0
41 196 34 0
37 203 0 0
29 203 0 0
31 202 0 0
33 209 0 0
29 200 0 0
32 203 0 0
31 200 0 0
50 208 0 0
30 207 0 0
29 207 25 0
29 204 0 0
32 201 0 0
29 198 0 0
30 207 0 0
29 201 0 0
34 196 0 0
36 197 32 0
41 204 0 0
43 196 0 0
36 195 0 0
28 201 0 0
29 197 0 0
32 199 0 0
29 208 0 0
33 205 0 0
33 206 0 0
34 203 0 0
36 204 0 0
29 211 0 0
32 202 0 0
30 201 31 0
28 203 0 0
35 195 0 0
37 195 0 0
36 204 0 0
49 198 0 0
54 218 0 0
37 202 0 0
35 209 0 0
35 204 30 0
28 205 0 0
33 204 0 0
29 211 0 0
35 199 0 0
33 203 0 0
38 205 0 0
45 204 0 0
48 199 0 0
37 204 0 0
36 202 0 0
37 206 0 0
36 207 0 0
29 202 0 0
35 229 30 0
41 202 0 0
33 203 0 0
30 202 0 0
36 198 0 0
41 205 0 0
38 202 0 0
28 204 0 0
35 208 26 0
37 205 0 0
38 207 0 0
29 201 0 0
35 200 0 0
44 201 0 0
29 206 0 0
35 198 0 0
32 198 0 0
37 200 32 0
28 199 0 0
37 198 0 0
33 206 0 0
38 195 0 0
41 199 0 0
39 195 0 0
37 196 0 0
28 199 0 0
32 196 32 0
30 174 0 0
28 165 0 0
32 162 0 0
33 164 0 0
33 168 0 0
37 168 0 0
49 171 0 0
38 167 0 0
30 163 0 0
29 163 0 0
34 174 0 0
29 201 0 0
31 202 30 0
31 202 0 0
36 200 0 0
35 205 0 0
34 210 0 0
34 205 0 0
33 195 0 0
33 200 0 0
31 200 0 0
30 206 0 0
37 196 0 0
36 201 0 0
37 198 0 0
33 214 30 0
29 207 0 0
32 198 0 0
29 198 0 0
40 193 0 0
31 199 0 0
28 197 0 0
32 199 0 0
29 200 0 0
31 199 30 0
36 197 0 0
32 203 0 0
28 197 0 0
32 202 0 0
34 194 0 0
29 194 0 0
29 195 0 0
32 199 0 0
32 199 31 0
32 204 0 0
36 203 0 0
31 196 0 0
37 196 0 0
36 198 0 0
41 219 0 0
38 195 0 0
38 203 0 0
38 240 0 0
30 205 0 0
33 202 0 0
29 200 0 0
38 201 0 0
44 207 0 0
37 202 0 0
57 201 25 0
40 203 0 0
37 213 0 0
37 209 0 0
30 203 0 0
33 205 0 0
42 202 0 0
54 203 0 0
49 201 0 0
48 199 0 0
37 196 0 0
45 201 0 0
36 200 0 0
39 201 32 0
37 220 0 0
38 208 0 0
28 206 0 0
37 209 0 0
30 203 0 0
29 201 0 0
33 206 0 0
40 207 0 0
37 202 0 0
42 204 0 0
37 198 37 0
32 199 0 0
36 203 0 0
35 194 0 0
35 194 0 0
43 201 0 0
41 198 0 0
39 200 0 0
28 208 0 0
32 200 0 0
29 211 27 0
30 201 0 0
30 202 0 0
29 224 0 0
31 199 0 0
39 195 0 0
33 198 0 0
36 197 0 0
37 198 0 0
35 205 0 0
37 198 0 0
43 203 0 0
43 207 0 0
28 202 23 0
37 205 0 0
35 202 0 0
41 202 0 0
28 202 0 0
30 200 0 0
34 203 0 0
37 204 0 0
31 200 0 0
37 197 0 0
36 201 0 0
37 197 0 0
34 195 0 0
36 227 0 0
38 201 0 0
43 205 30 0
29 208 0 0
32 203 0 0
28 198 0 0
31 210 0 0
38 205 0 0
28 204 0 0
35 199 0 0
46 205 0 0
28 202 0 0
34 200 0 0
37 201 0 0
37 196 0 0
37 199 0 0
43 205 0 0
30 207 0 0
48 195 0 0
50 202 0 0
53 203 25 0
29 207 0 0
32 199 0 0
28 222 0 0
30 194 0 0
37 201 0 0
34 199 0 0
38 202 0 0
39 204 0 0
39 199 0 0
31 194 0 0
44 194 0 0
37 195 0 0
43 197 0 0
50 197 0 0
40 197 0 0
36 193 0 0
44 195 0 0
39 197 0 0
35 195 0 0
